2 0.2721354166666667 0.2796296296296296 0.0234375 0.05
3 0.2701822916666667 0.1979537037037037 0.01658333333333329 0.038574074074074094
2 0.5729166666666666 0.2 0.010416666666666666 0.04259259259259259
2 0.5294270833333333 0.23657407407407408 0.008854166666666666 0.03796296296296296
2 0.2638020833333333 0.2902777777777778 0.0171875 0.05462962962962963
2 0.61484375 0.2375 0.0140625 0.04537037037037037
2 0.45286458333333335 0.22037037037037038 0.009895833333333333 0.040740740740740744
2 0.5286458333333334 0.2708333333333333 0.015625 0.05092592592592592
2 0.3731770833333333 0.37777777777777777 0.0265625 0.05925925925925926
2 0.4044270833333333 0.29212962962962963 0.013020833333333334 0.05092592592592592
3 0.453125 0.4101851851851852 0.010416666666666666 0.06296296296296296
2 0.3770833333333333 0.25277777777777777 0.010416666666666666 0.04814814814814815
2 0.5580729166666667 0.2726851851851852 0.0109375 0.05277777777777778
2 0.21171875 0.39305555555555555 0.016145833333333335 0.06018518518518518
2 0.7255208333333333 0.2851851851851852 0.011458333333333333 0.053703703703703705
2 0.2953125 0.37592592592592594 0.013541666666666667 0.06111111111111111
2 0.29765625 0.2537037037037037 0.0203125 0.05
2 0.6361979166666667 0.33240740740740743 0.011979166666666667 0.05925925925925926
2 0.18229166666666666 0.5231481481481481 0.01875 0.07037037037037037
2 0.23072916666666668 0.4305555555555556 0.017708333333333333 0.06851851851851852
2 0.17057291666666666 0.6953703703703704 0.022395833333333334 0.09444444444444444
2 0.7927083333333333 0.524537037037037 0.019791666666666666 0.08055555555555556
0 0.61015625 0.25428703703703703 0.00579166666666661 0.012416666666666637