3 0.3921875 0.24351851851851852 0.010416666666666666 0.03148148148148148
0 0.12057291666666667 0.5050925925925925 0.005729166666666666 0.010185185185185186
2 0.50078125 0.38981481481481484 0.018229166666666668 0.044444444444444446
2 0.18828125 0.42083333333333334 0.018229166666666668 0.05462962962962963
2 0.8598958333333333 0.45555555555555555 0.013541666666666667 0.05925925925925926
2 0.16588541666666667 0.4708333333333333 0.024479166666666666 0.05277777777777778
2 0.31354166666666666 0.4078703703703704 0.017708333333333333 0.049074074074074076
2 0.83671875 0.6324074074074074 0.016145833333333335 0.07407407407407407
2 0.5528645833333333 0.3189814814814815 0.016145833333333335 0.03611111111111111
2 0.32890625 0.34814814814814815 0.018229166666666668 0.03888888888888889
2 0.7341145833333333 0.41064814814814815 0.0140625 0.05462962962962963
2 0.5434895833333333 0.4425925925925926 0.019270833333333334 0.053703703703703705
2 0.6348958333333333 0.35462962962962963 0.017708333333333333 0.046296296296296294
2 0.20104166666666667 0.47129629629629627 0.023958333333333335 0.05740740740740741
2 0.48072916666666665 0.449537037037037 0.015625 0.05092592592592592
3 0.36666666666666664 0.4861111111111111 0.023958333333333335 0.05555555555555555
2 0.6822916666666666 0.4625 0.0125 0.05648148148148148
2 0.5549479166666667 0.5157407407407407 0.018229166666666668 0.05740740740740741
2 0.6583333333333333 0.6055555555555555 0.020833333333333332 0.06296296296296296
2 0.7088541666666667 0.4912037037037037 0.017708333333333333 0.06018518518518518
2 0.19427083333333334 0.5513888888888889 0.016666666666666666 0.06574074074074074
2 0.175 0.5685185185185185 0.020833333333333332 0.06481481481481481
2 0.6643229166666667 0.5337962962962963 0.022395833333333334 0.05648148148148148