3 0.5931614583333332 0.22011111111111112 0.011838541666666676 0.03652777777777777
2 0.24140625 0.3055555555555556 0.008854166666666666 0.044444444444444446
2 0.4140625 0.2574074074074074 0.011458333333333333 0.03888888888888889
3 0.37816666666666665 0.3283055555555556 0.011458333333333333 0.05092592592592592
2 0.38229166666666664 0.37546296296296294 0.015625 0.05277777777777778
2 0.2526041666666667 0.3287037037037037 0.010416666666666666 0.05185185185185185
2 0.5734375 0.31574074074074077 0.0125 0.04814814814814815
2 0.23333333333333334 0.37546296296296294 0.011458333333333333 0.058333333333333334
2 0.4158854166666667 0.40324074074074073 0.011979166666666667 0.062037037037037036
2 0.20494791666666667 0.37777777777777777 0.013020833333333334 0.05740740740740741
2 0.33984375 0.43657407407407406 0.011979166666666667 0.06018518518518518
2 0.17473958333333334 0.41759259259259257 0.0109375 0.06481481481481481
2 0.5078125 0.43842592592592594 0.014583333333333334 0.06018518518518518
2 0.11380208333333333 0.524074074074074 0.015104166666666667 0.07037037037037037
2 0.5611979166666666 0.6907407407407408 0.016145833333333335 0.07592592592592592
2 0.6559895833333333 0.43796296296296294 0.013020833333333334 0.06111111111111111
2 0.4901041666666667 0.549537037037037 0.014583333333333334 0.0712962962962963
1 0.9325520833333333 0.4527777777777778 0.009895833333333333 0.06111111111111111
2 0.10390625 0.6259259259259259 0.016145833333333335 0.07037037037037037
2 0.56796875 0.5074074074074074 0.0171875 0.06666666666666667
2 0.41822916666666665 0.6976851851851852 0.023958333333333335 0.08611111111111111
2 0.340625 0.5194444444444445 0.015625 0.07037037037037037
2 0.22161458333333334 0.6592592592592592 0.0203125 0.07777777777777778