2 0.3997395833333333 0.20462962962962963 0.009895833333333333 0.044444444444444446
3 0.7005208333333334 0.1912037037037037 0.011458333333333333 0.03796296296296296
2 0.5255208333333333 0.22546296296296298 0.0125 0.03796296296296296
3 0.566734375 0.41300925925925924 0.011317708333333343 0.06287037037037035
2 0.5947916666666667 0.2652777777777778 0.010416666666666666 0.04722222222222222
2 0.4432291666666667 0.25833333333333336 0.014583333333333334 0.046296296296296294
2 0.7177083333333333 0.3 0.011458333333333333 0.05555555555555555
2 0.36276041666666664 0.274537037037037 0.0109375 0.049074074074074076
2 0.6622395833333333 0.262037037037037 0.0140625 0.05185185185185185
2 0.3265625 0.26481481481481484 0.014583333333333334 0.05555555555555555
2 0.7598958333333333 0.2851851851851852 0.014583333333333334 0.05185185185185185
2 0.4546875 0.2652777777777778 0.010416666666666666 0.049074074074074076
2 0.7052083333333333 0.32916666666666666 0.0125 0.05462962962962963
2 0.33255208333333336 0.3189814814814815 0.013020833333333334 0.05092592592592592
2 0.58203125 0.3138888888888889 0.0109375 0.05555555555555555
2 0.7544270833333333 0.35694444444444445 0.015104166666666667 0.05648148148148148
2 0.8190104166666666 0.525 0.0171875 0.07037037037037037
2 0.17161458333333332 0.28703703703703703 0.015104166666666667 0.053703703703703705
2 0.7481770833333333 0.4351851851851852 0.013020833333333334 0.06666666666666667
2 0.2708333333333333 0.5046296296296297 0.016666666666666666 0.06851851851851852
2 0.8153645833333333 0.7143518518518519 0.0234375 0.09166666666666666
2 0.5642291666666668 0.39185185185185184 0.009223958333333353 0.044277777777777826