2 0.6565104166666667 0.26296296296296295 0.009895833333333333 0.037037037037037035
3 0.31646875 0.24974074074074076 0.011838541666666676 0.04094444444444447
2 0.7515625 0.4050925925925926 0.0125 0.041666666666666664
1 0.01796875 0.3819444444444444 0.0109375 0.04722222222222222
2 0.5606770833333333 0.32916666666666666 0.008854166666666666 0.04537037037037037
2 0.6807291666666667 0.30416666666666664 0.009375 0.03981481481481482
2 0.34479166666666666 0.337037037037037 0.016666666666666666 0.04259259259259259
2 0.59375 0.34814814814814815 0.008333333333333333 0.05185185185185185
2 0.7174479166666666 0.3736111111111111 0.011979166666666667 0.05092592592592592
2 0.42213541666666665 0.2810185185185185 0.0140625 0.03611111111111111
2 0.7075520833333333 0.3787037037037037 0.0140625 0.05
2 0.7513020833333334 0.44074074074074077 0.013020833333333334 0.05
3 0.4609375 0.3731481481481482 0.013541666666666667 0.04814814814814815
2 0.47604166666666664 0.37175925925925923 0.010416666666666666 0.04351851851851852
2 0.6013020833333333 0.3837962962962963 0.0109375 0.04537037037037037
2 0.7408854166666666 0.475 0.015104166666666667 0.06296296296296296
2 0.5091145833333334 0.6671296296296296 0.0140625 0.08055555555555556
3 0.9299166666666667 0.7820462962962963 0.024546875000000058 0.09328703703703704
2 0.5963541666666666 0.4675925925925926 0.011458333333333333 0.05555555555555555
2 0.8333333333333334 0.7444444444444445 0.01875 0.07962962962962963
2 0.8052083333333333 0.6092592592592593 0.021875 0.06481481481481481
2 0.24713541666666666 0.43287037037037035 0.018229166666666668 0.05648148148148148
2 0.5635416666666667 0.5282407407407408 0.01875 0.06388888888888888
2 0.35833333333333334 0.4203703703703704 0.020833333333333332 0.053703703703703705
0 0.35461458333333334 0.3516944444444444 0.004864583333333291 0.00906481481481478