3 0.41555729166666666 0.2565740740740741 0.008197916666666671 0.02943518518518515
2 0.22994791666666667 0.4134259259259259 0.016145833333333335 0.058333333333333334
2 0.16859375 0.4786944444444445 0.016557291666666647 0.04099074074074072
2 0.4752604166666667 0.3773148148148148 0.011979166666666667 0.041666666666666664
1 0.15319791666666666 0.37939814814814815 0.015479166666666681 0.04132407407407407
2 0.31354166666666666 0.3712962962962963 0.016666666666666666 0.03888888888888889
2 0.4861979166666667 0.33101851851851855 0.0140625 0.03981481481481482
2 0.328125 0.41203703703703703 0.0125 0.046296296296296294
3 0.33177083333333335 0.46296296296296297 0.009375 0.05185185185185185
2 0.5966145833333333 0.3685185185185185 0.013020833333333334 0.053703703703703705
2 0.215625 0.44074074074074077 0.0125 0.04814814814814815
2 0.8591145833333333 0.47129629629629627 0.011979166666666667 0.05185185185185185
2 0.47291666666666665 0.48518518518518516 0.010416666666666666 0.05555555555555555
2 0.8294270833333334 0.4287037037037037 0.011979166666666667 0.05185185185185185
3 0.9369791666666667 0.8171296296296297 0.016666666666666666 0.08425925925925926
2 0.39401041666666664 0.42824074074074076 0.0140625 0.04351851851851852
2 0.5057291666666667 0.42685185185185187 0.016666666666666666 0.05
2 0.7903645833333334 0.48518518518518516 0.0109375 0.053703703703703705
2 0.61015625 0.575 0.0140625 0.05925925925925926
2 0.5846354166666666 0.46944444444444444 0.0171875 0.053703703703703705
2 0.7497395833333333 0.4722222222222222 0.015104166666666667 0.053703703703703705
2 0.80859375 0.5902777777777778 0.015104166666666667 0.06759259259259259
0 0.179109375 0.49910185185185185 0.004994791666666683 0.00894444444444452
2 0.168546875 0.46919444444444447 0.023562500000000004 0.04123148148148146