3 0.33359375 0.20879629629629629 0.009895833333333333 0.03611111111111111
2 0.5614583333333333 0.21712962962962962 0.015625 0.03981481481481482
3 0.58984375 0.30972222222222223 0.009895833333333333 0.05648148148148148
2 0.6916666666666667 0.2675925925925926 0.009375 0.04259259259259259
2 0.6729166666666667 0.2884259259259259 0.009375 0.05092592592592592
2 0.52734375 0.3037037037037037 0.009895833333333333 0.04814814814814815
2 0.4625 0.4361111111111111 0.017708333333333333 0.06851851851851852
2 0.39427083333333335 0.29212962962962963 0.016666666666666666 0.049074074074074076
2 0.5895833333333333 0.36435185185185187 0.011458333333333333 0.058333333333333334
2 0.759375 0.350462962962963 0.014583333333333334 0.058333333333333334
2 0.48359375 0.3560185185185185 0.011979166666666667 0.058333333333333334
2 0.4544270833333333 0.4962962962962963 0.015104166666666667 0.07592592592592592
2 0.4356770833333333 0.38796296296296295 0.013020833333333334 0.06481481481481481
2 0.72734375 0.3143518518518518 0.011979166666666667 0.05462962962962963
2 0.8486979166666667 0.6356481481481482 0.0171875 0.07685185185185185
2 0.8328125 0.6032407407407407 0.015625 0.07314814814814814
2 0.49765625 0.6638888888888889 0.018229166666666668 0.07777777777777778
2 0.8463541666666666 0.4615740740740741 0.015625 0.0712962962962963
2 0.290625 0.3976851851851852 0.014583333333333334 0.062037037037037036
2 0.46640625 0.638425925925926 0.015104166666666667 0.08796296296296297
2 0.6479166666666667 0.45787037037037037 0.015625 0.06388888888888888
2 0.7848958333333333 0.3662037037037037 0.0125 0.062037037037037036
0 0.40828125 0.31280555555555556 0.005770833333333295 0.013842592592592635