3 0.3306302083333333 0.31233333333333335 0.0060520833333332765 0.025333333333333347
2 0.4422291666666667 0.3564259259259259 0.0112916666666667 0.033222222222222215
3 0.49375 0.39351851851851855 0.008333333333333333 0.03333333333333333
2 0.6294270833333333 0.43287037037037035 0.008854166666666666 0.03611111111111111
1 0.9111979166666667 0.4221388888888889 0.011979166666666667 0.03888888888888889
2 0.6325520833333333 0.5236111111111111 0.008854166666666666 0.041666666666666664
2 0.6518229166666667 0.43703703703703706 0.009895833333333333 0.03888888888888889
2 0.6346354166666667 0.38657407407407407 0.009895833333333333 0.028703703703703703
2 0.51328125 0.4125 0.008854166666666666 0.03425925925925926
2 0.6653645833333334 0.4046296296296296 0.008854166666666666 0.03333333333333333
2 0.6114583333333333 0.4162037037037037 0.008333333333333333 0.03425925925925926
2 0.5375 0.3875 0.007291666666666667 0.032407407407407406
2 0.4979166666666667 0.45925925925925926 0.0125 0.03888888888888889
2 0.68671875 0.625462962962963 0.013020833333333334 0.05277777777777778
2 0.8453125 0.6537037037037037 0.0125 0.05
2 0.6213541666666667 0.4708333333333333 0.008333333333333333 0.03796296296296296
2 0.43645833333333334 0.6356481481481482 0.011458333333333333 0.05277777777777778
2 0.41484375 0.5430555555555555 0.013020833333333334 0.03981481481481482
2 0.7119791666666667 0.487962962962963 0.0125 0.044444444444444446
1 0.15364583333333334 0.4842592592592593 0.008333333333333333 0.040740740740740744
2 0.25442708333333336 0.43425925925925923 0.008854166666666666 0.03518518518518519
3 0.8333333333333334 0.676138888888889 0.014583333333333334 0.05555555555555555
2 0.7796875 0.5925925925925926 0.011458333333333333 0.03888888888888889
2 0.43723958333333335 0.5041666666666667 0.0109375 0.04537037037037037
2 0.6319479166666666 0.3667037037037037 0.009276041666666639 0.035555555555555535
0 0.34328125000000004 0.6130740740740741 0.007104166666666719 0.012537037037037003