0 0.6481770833333333 0.2796296296296296 0.005729166666666666 0.011111111111111112
2 0.46015625 0.19907407407407407 0.0078125 0.03888888888888889
3 0.21848958333333332 0.19490740740740742 0.008854166666666666 0.041666666666666664
2 0.30130208333333336 0.23981481481481481 0.009895833333333333 0.044444444444444446
2 0.3958333333333333 0.2884259259259259 0.0125 0.049074074074074076
2 0.35859375 0.3449074074074074 0.011979166666666667 0.06018518518518518
2 0.6942708333333333 0.2902777777777778 0.009375 0.05462962962962963
2 0.63515625 0.2263888888888889 0.0171875 0.04537037037037037
2 0.44088541666666664 0.2740740740740741 0.011979166666666667 0.053703703703703705
2 0.24609375 0.2912037037037037 0.015104166666666667 0.058333333333333334
2 0.1921875 0.35555555555555557 0.014583333333333334 0.06111111111111111
2 0.6200520833333333 0.29953703703703705 0.0140625 0.05462962962962963
3 0.46458333333333335 0.41759259259259257 0.0125 0.06666666666666667
2 0.24140625 0.763425925925926 0.030729166666666665 0.10092592592592593
2 0.3763020833333333 0.43796296296296294 0.015104166666666667 0.06851851851851852
2 0.18333333333333332 0.3351851851851852 0.0125 0.05555555555555555
2 0.60625 0.3625 0.013541666666666667 0.06018518518518518
2 0.1625 0.44722222222222224 0.021875 0.07222222222222222
2 0.5747395833333333 0.3175925925925926 0.011979166666666667 0.053703703703703705
2 0.42109375 0.44166666666666665 0.018229166666666668 0.06666666666666667
2 0.17838541666666666 0.46620370370370373 0.0171875 0.075
2 0.8372395833333334 0.5564814814814815 0.025520833333333333 0.07962962962962963
2 0.15416666666666667 0.5652777777777778 0.025 0.07685185185185185