3 0.6677083333333333 0.26342592592592595 0.008333333333333333 0.028703703703703703
2 0.40729166666666666 0.3773148148148148 0.009375 0.04351851851851852
3 0.05911458333333333 0.9458333333333333 0.0265625 0.08796296296296297
3 0.5263020833333333 0.40925925925925927 0.013020833333333334 0.044444444444444446
2 0.3223958333333333 0.6125 0.011458333333333333 0.05462962962962963
2 0.6963541666666667 0.37824074074074077 0.010416666666666666 0.041666666666666664
2 0.34921875 0.5199074074074074 0.0109375 0.05648148148148148
2 0.36744791666666665 0.4351851851851852 0.0109375 0.04814814814814815
2 0.75 0.5972222222222222 0.015625 0.06111111111111111
2 0.67421875 0.36157407407407405 0.011979166666666667 0.04351851851851852
2 0.56875 0.4935185185185185 0.016666666666666666 0.05
2 0.309375 0.6069444444444444 0.011458333333333333 0.06574074074074074
2 0.51953125 0.4634259259259259 0.0109375 0.05277777777777778
2 0.46197916666666666 0.5671296296296297 0.015625 0.062037037037037036
2 0.28828125 0.4615740740740741 0.0140625 0.05648148148148148
2 0.48880208333333336 0.5995370370370371 0.016145833333333335 0.06018518518518518
2 0.47760416666666666 0.637962962962963 0.01875 0.06296296296296296
2 0.7166666666666667 0.48333333333333334 0.016666666666666666 0.05
2 0.5354166666666667 0.5486111111111112 0.017708333333333333 0.058333333333333334
2 0.24088541666666666 0.587037037037037 0.019270833333333334 0.06666666666666667
2 0.7934895833333333 0.5486111111111112 0.024479166666666666 0.04722222222222222
2 0.4171875 0.5421296296296296 0.019791666666666666 0.05277777777777778
2 0.6653645833333334 0.6129629629629629 0.019270833333333334 0.06296296296296296
0 0.6933020833333333 0.39563888888888893 0.004515625000000038 0.009009259259259276