1 0.9963541666666667 0.38287037037037036 0.007291666666666667 0.03796296296296296
2 0.5872395833333334 0.34074074074074073 0.013020833333333334 0.02962962962962963
2 0.5078125 0.34074074074074073 0.010416666666666666 0.037037037037037035
2 0.65703125 0.33240740740740743 0.009895833333333333 0.03888888888888889
2 0.23255208333333333 0.4152777777777778 0.009895833333333333 0.041666666666666664
2 0.28046875 0.362962962962963 0.013020833333333334 0.037037037037037035
3 0.4713541666666667 0.3976851851851852 0.008333333333333333 0.03981481481481482
2 0.42213541666666665 0.4134259259259259 0.009895833333333333 0.04537037037037037
2 0.38723958333333336 0.4023148148148148 0.011979166666666667 0.04722222222222222
2 0.6544270833333333 0.4013888888888889 0.011979166666666667 0.049074074074074076
2 0.22213541666666667 0.638425925925926 0.016145833333333335 0.06574074074074074
2 0.7466145833333333 0.38842592592592595 0.009895833333333333 0.04537037037037037
2 0.16458333333333333 0.5449074074074074 0.013541666666666667 0.06018518518518518
2 0.725 0.5518518518518518 0.013541666666666667 0.053703703703703705
2 0.26848958333333334 0.5023148148148148 0.013020833333333334 0.058333333333333334
2 0.5861979166666667 0.44675925925925924 0.011979166666666667 0.05462962962962963
2 0.19713541666666667 0.45601851851851855 0.0109375 0.05462962962962963
2 0.5557291666666667 0.44166666666666665 0.0125 0.05
2 0.22109375 0.5212962962962963 0.015104166666666667 0.05925925925925926
2 0.8635416666666667 0.5027777777777778 0.021875 0.05740740740740741
2 0.68515625 0.638425925925926 0.0171875 0.06388888888888888
2 0.40182291666666664 0.6560185185185186 0.0265625 0.062037037037037036
0 0.43901562499999996 0.3844166666666667 0.006255208333333329 0.012148148148148153
3 0.22549479166666667 0.2850648148148148 0.011526041666666664 0.038592592592592546