2 0.7557291666666667 0.4532407407407407 0.007291666666666667 0.03796296296296296
2 0.1359375 0.7069444444444445 0.016666666666666666 0.03611111111111111
2 0.8458333333333333 0.5402777777777777 0.020833333333333332 0.025
2 0.76725 0.4357037037037037 0.0061770833333334 0.03791666666666671
2 0.7359375 0.4666666666666667 0.009375 0.04259259259259259
2 0.7494791666666667 0.5194444444444445 0.009375 0.040740740740740744
3 0.6611979166666667 0.48703703703703705 0.011979166666666667 0.040740740740740744
2 0.60390625 0.5208333333333334 0.009895833333333333 0.049074074074074076
2 0.20677083333333332 0.5407407407407407 0.009375 0.044444444444444446
2 0.6278645833333333 0.5078703703703704 0.009895833333333333 0.04351851851851852
2 0.22239583333333332 0.5671296296296297 0.009375 0.05092592592592592
2 0.17109375 0.5421296296296296 0.009895833333333333 0.049074074074074076
2 0.390625 0.4412037037037037 0.009375 0.03425925925925926
2 0.16276041666666666 0.6875 0.0171875 0.06574074074074074
2 0.5197916666666667 0.5537037037037037 0.010416666666666666 0.04814814814814815
2 0.334375 0.6976851851851852 0.016666666666666666 0.058333333333333334
2 0.9488333333333333 0.5620648148148147 0.013442708333333305 0.03999074074074079
0 0.650734375 0.3984537037037037 0.0047499999999999435 0.009805555555555585
2 0.731328125 0.43712962962962965 0.008093749999999981 0.034064814814814784
2 0.764703125 0.45319444444444446 0.008317708333333229 0.043601851851851885
1 0.7467708333333333 0.44039814814814815 0.012791666666666639 0.027990740740740757
2 0.5918281249999999 0.4449074074074074 0.010906250000000029 0.03564814814814815
2 0.5310833333333334 0.555074074074074 0.012020833333333295 0.052018518518518575
3 0.5945625 0.34372222222222226 0.007546874999999886 0.03149074074074073