1 0.0036458333333333334 0.38287037037037036 0.007291666666666667 0.03796296296296296
2 0.4127604166666667 0.34074074074074073 0.013020833333333334 0.02962962962962963
2 0.4921875 0.34074074074074073 0.010416666666666666 0.037037037037037035
2 0.34296875 0.33240740740740743 0.009895833333333333 0.03888888888888889
2 0.7674479166666667 0.4152777777777778 0.009895833333333333 0.041666666666666664
2 0.71953125 0.362962962962963 0.013020833333333334 0.037037037037037035
3 0.5286458333333334 0.3976851851851852 0.008333333333333333 0.03981481481481482
2 0.5778645833333333 0.4134259259259259 0.009895833333333333 0.04537037037037037
2 0.6127604166666667 0.4023148148148148 0.011979166666666667 0.04722222222222222
2 0.3455729166666667 0.4013888888888889 0.011979166666666667 0.049074074074074076
2 0.7778645833333333 0.638425925925926 0.016145833333333335 0.06574074074074074
2 0.25338541666666664 0.38842592592592595 0.009895833333333333 0.04537037037037037
2 0.8354166666666667 0.5449074074074074 0.013541666666666667 0.06018518518518518
2 0.275 0.5518518518518518 0.013541666666666667 0.053703703703703705
2 0.7315104166666667 0.5023148148148148 0.013020833333333334 0.058333333333333334
2 0.41380208333333335 0.44675925925925924 0.011979166666666667 0.05462962962962963
2 0.8028645833333333 0.45601851851851855 0.0109375 0.05462962962962963
2 0.44427083333333334 0.44166666666666665 0.0125 0.05
2 0.77890625 0.5212962962962963 0.015104166666666667 0.05925925925925926
2 0.13645833333333332 0.5027777777777778 0.021875 0.05740740740740741
2 0.31484375 0.638425925925926 0.0171875 0.06388888888888888
2 0.5981770833333333 0.6560185185185186 0.0265625 0.062037037037037036
0 0.5609843750000001 0.3844166666666667 0.006255208333333447 0.012148148148148153
3 0.7745052083333334 0.2850648148148148 0.011526041666666724 0.038592592592592546