2 0.19427083333333334 0.5481481481481482 0.013541666666666667 0.040740740740740744
2 0.20364583333333333 0.5462962962962963 0.016666666666666666 0.03888888888888889
2 0.26640625 0.5018518518518519 0.015104166666666667 0.04259259259259259
2 0.3684895833333333 0.4476851851851852 0.0078125 0.03425925925925926
1 0.18984375 0.45694444444444443 0.016145833333333335 0.03425925925925926
2 0.35208333333333336 0.42777777777777776 0.008333333333333333 0.037037037037037035
3 0.4114583333333333 0.48194444444444445 0.015625 0.03796296296296296
2 0.29140625 0.4736111111111111 0.0109375 0.03611111111111111
2 0.46953125 0.5439814814814815 0.0109375 0.04537037037037037
2 0.44427083333333334 0.48657407407407405 0.008333333333333333 0.03981481481481482
2 0.68984375 0.4486111111111111 0.0078125 0.03981481481481482
2 0.32786458333333335 0.5138888888888888 0.0171875 0.046296296296296294
2 0.8322916666666667 0.5430555555555555 0.011458333333333333 0.049074074074074076
2 0.43385416666666665 0.5550925925925926 0.013541666666666667 0.049074074074074076
2 0.3026041666666667 0.5662037037037037 0.016666666666666666 0.049074074074074076
2 0.5671875 0.5893518518518519 0.009375 0.05092592592592592
2 0.90234375 0.6958333333333333 0.0109375 0.06388888888888888
2 0.8234375 0.5745370370370371 0.0125 0.05092592592592592
2 0.87109375 0.5513888888888889 0.0109375 0.049074074074074076
2 0.73671875 0.7087962962962963 0.015104166666666667 0.05648148148148148
2 0.5955729166666667 0.5995370370370371 0.0140625 0.05092592592592592
2 0.8908854166666667 0.7138888888888889 0.021354166666666667 0.06666666666666667
3 0.47048958333333335 0.3391851851851852 0.00763020833333338 0.023194444444444403