2 0.3497395833333333 0.37222222222222223 0.009895833333333333 0.03518518518518519
2 0.6966145833333334 0.4013888888888889 0.008854166666666666 0.03611111111111111
1 0.18832812499999996 0.36203703703703705 0.008854166666666666 0.03333333333333333
2 0.65546875 0.32731481481481484 0.0078125 0.032407407407407406
2 0.7471354166666667 0.4115740740740741 0.009895833333333333 0.041666666666666664
2 0.20625 0.37175925925925923 0.010416666666666666 0.03425925925925926
2 0.7403645833333333 0.44537037037037036 0.009895833333333333 0.046296296296296294
2 0.49765625 0.4009259259259259 0.008854166666666666 0.03333333333333333
2 0.6013020833333333 0.3685185185185185 0.0067708333333333336 0.03333333333333333
2 0.3578125 0.3712962962962963 0.008333333333333333 0.037037037037037035
2 0.5161458333333333 0.4708333333333333 0.011458333333333333 0.04351851851851852
2 0.31692708333333336 0.4513888888888889 0.008854166666666666 0.04537037037037037
2 0.4674479166666667 0.7444444444444445 0.0140625 0.07037037037037037
3 0.49453125 0.43148148148148147 0.0109375 0.04259259259259259
2 0.6182291666666667 0.4787037037037037 0.010416666666666666 0.044444444444444446
2 0.7145833333333333 0.36527777777777776 0.010416666666666666 0.03611111111111111
2 0.528125 0.4050925925925926 0.011458333333333333 0.03796296296296296
2 0.15625 0.5703703703703704 0.014583333333333334 0.05740740740740741
2 0.7638020833333333 0.49953703703703706 0.013020833333333334 0.05277777777777778
2 0.21588541666666666 0.5828703703703704 0.011979166666666667 0.05462962962962963
2 0.7192708333333333 0.6129629629629629 0.013541666666666667 0.05925925925925926
2 0.6520833333333333 0.6532407407407408 0.016666666666666666 0.06388888888888888
0 0.27196875000000004 0.3135 0.007734374999999952 0.01347222222222218
3 0.7535104166666666 0.31637037037037036 0.0086666666666666 0.03249074074074077