2 0.6994791666666667 0.5185185185185185 0.008333333333333333 0.03888888888888889
2 0.49375 0.43472222222222223 0.007291666666666667 0.028703703703703703
1 0.18776041666666668 0.5069444444444444 0.009895833333333333 0.041666666666666664
2 0.6604166666666667 0.4675925925925926 0.00625 0.027777777777777776
2 0.5880208333333333 0.5212962962962963 0.008333333333333333 0.03888888888888889
2 0.28177083333333336 0.6694444444444444 0.0125 0.05
2 0.7361979166666667 0.5777777777777777 0.008854166666666666 0.04259259259259259
2 0.4375 0.524537037037037 0.008333333333333333 0.03611111111111111
2 0.49114583333333334 0.6194444444444445 0.009375 0.04814814814814815
2 0.5908854166666667 0.5768518518518518 0.008854166666666666 0.04259259259259259
2 0.53828125 0.6763888888888889 0.011979166666666667 0.049074074074074076
2 0.759375 0.6768518518518518 0.008333333333333333 0.05185185185185185
3 0.5640625 0.5856481481481481 0.009375 0.041666666666666664
2 0.67421875 0.5074074074074074 0.0078125 0.037037037037037035
3 0.07682291666666667 0.85 0.019270833333333334 0.06296296296296296
2 0.7127604166666667 0.5814814814814815 0.009895833333333333 0.046296296296296294
2 0.47708333333333336 0.524074074074074 0.013541666666666667 0.03333333333333333
2 0.24244791666666668 0.5953703703703703 0.008854166666666666 0.044444444444444446
2 0.41692708333333334 0.7273148148148149 0.018229166666666668 0.058333333333333334
2 0.6854166666666667 0.6162037037037037 0.010416666666666666 0.04722222222222222
2 0.72109375 0.7643518518518518 0.0171875 0.05648148148148148
2 0.87421875 0.8138888888888889 0.018229166666666668 0.05925925925925926
2 0.56875 0.8856481481481482 0.017708333333333333 0.06759259259259259
0 0.2869375 0.6828981481481481 0.004666666666666685 0.009027777777777777
3 0.656765625 0.4058333333333333 0.007421875 0.026805555555555596