2 0.4864583333333333 0.2847222222222222 0.0125 0.05277777777777778
2 0.81953125 0.27824074074074073 0.009895833333333333 0.049074074074074076
2 0.60234375 0.1865740740740741 0.009895833333333333 0.03796296296296296
2 0.34348958333333335 0.25 0.009895833333333333 0.04814814814814815
2 0.35885416666666664 0.4263888888888889 0.013541666666666667 0.058333333333333334
2 0.4951302083333333 0.2958240740740741 0.022244791666666687 0.03793518518518521
1 0.06922916666666666 0.3023148148148148 0.015625 0.049074074074074076
2 0.7908854166666667 0.2513888888888889 0.009895833333333333 0.049074074074074076
2 0.26666666666666666 0.3162037037037037 0.011458333333333333 0.05092592592592592
2 0.38671875 0.325 0.013020833333333334 0.05185185185185185
2 0.3651041666666667 0.37592592592592594 0.016666666666666666 0.05
2 0.5645833333333333 0.44166666666666665 0.013541666666666667 0.07037037037037037
2 0.8309895833333333 0.2967592592592593 0.011979166666666667 0.049074074074074076
2 0.24557291666666667 0.6208333333333333 0.028645833333333332 0.0712962962962963
3 0.490625 0.4009259259259259 0.015625 0.05555555555555555
2 0.58359375 0.3587962962962963 0.011979166666666667 0.05462962962962963
3 0.8670260416666667 0.8712962962962963 0.03546874999999995 0.0962962962962963
2 0.4083333333333333 0.524537037037037 0.023958333333333335 0.06574074074074074
2 0.30859375 0.44537037037037036 0.024479166666666666 0.06296296296296296
2 0.375 0.6083333333333333 0.0375 0.07222222222222222
2 0.8018229166666667 0.47175925925925927 0.018229166666666668 0.0712962962962963
2 0.7666666666666667 0.4935185185185185 0.01875 0.06666666666666667
3 0.45877083333333335 0.13019444444444445 0.009958333333333276 0.03405555555555553
0 0.46525 0.31685185185185183 0.005854166666666672 0.011592592592592576
2 0.487125 0.2955648148148148 0.011338541666666656 0.04308333333333331