2 0.7815520833333333 0.37982407407407404 0.021453125000000028 0.053870370370370325
2 0.36953125 0.1712962962962963 0.008854166666666666 0.037037037037037035
1 0.9270833333333334 0.31851851851851853 0.010416666666666666 0.04814814814814815
2 0.6192708333333333 0.24537037037037038 0.010416666666666666 0.04814814814814815
2 0.7458333333333333 0.42083333333333334 0.014583333333333334 0.05462962962962963
3 0.5184895833333333 0.38842592592592595 0.009895833333333333 0.05648148148148148
3 0.08645833333333333 0.9009259259259259 0.025 0.1037037037037037
2 0.5723958333333333 0.2490740740740741 0.010416666666666666 0.04259259259259259
2 0.8921875 0.611574074074074 0.01875 0.07314814814814814
2 0.15703125 0.31296296296296294 0.0109375 0.053703703703703705
2 0.10651041666666666 0.3680555555555556 0.009895833333333333 0.062037037037037036
2 0.5122395833333333 0.2898148148148148 0.015104166666666667 0.04814814814814815
2 0.8049479166666667 0.325 0.016145833333333335 0.05
2 0.7783854166666667 0.41805555555555557 0.0203125 0.05277777777777778
2 0.7552083333333334 0.4375 0.014583333333333334 0.06018518518518518
2 0.12708333333333333 0.2740740740740741 0.010416666666666666 0.04814814814814815
2 0.37005208333333334 0.3976851851851852 0.016145833333333335 0.058333333333333334
2 0.6041666666666666 0.5643518518518519 0.014583333333333334 0.06759259259259259
2 0.809375 0.5898148148148148 0.026041666666666668 0.06666666666666667
2 0.21458333333333332 0.5564814814814815 0.015625 0.07962962962962963
2 0.3416666666666667 0.3685185185185185 0.010416666666666666 0.06111111111111111
2 0.27265625 0.5412037037037037 0.018229166666666668 0.075
2 0.53671875 0.5268518518518519 0.0234375 0.06296296296296296
3 0.5081197916666667 0.12872222222222224 0.009260416666666653 0.03142592592592593
0 0.75065625 0.3975740740740741 0.005630208333333305 0.009111111111111141