3 0.6243593749999999 0.5696574074074074 0.010062500000000085 0.04062962962962973
2 0.7161458333333334 0.4615740740740741 0.008333333333333333 0.03611111111111111
2 0.35182291666666665 0.4305555555555556 0.0067708333333333336 0.03333333333333333
2 0.63203125 0.6064814814814815 0.009895833333333333 0.05185185185185185
2 0.6182291666666667 0.4078703703703704 0.00625 0.030555555555555555
1 0.8598958333333333 0.500462962962963 0.009375 0.03981481481481482
2 0.7221354166666667 0.47685185185185186 0.008854166666666666 0.040740740740740744
2 0.6893229166666667 0.65 0.0203125 0.05185185185185185
2 0.8364583333333333 0.5120370370370371 0.008333333333333333 0.040740740740740744
2 0.31588541666666664 0.4828703703703704 0.008854166666666666 0.04351851851851852
2 0.5677083333333334 0.5055555555555555 0.009375 0.04259259259259259
2 0.9203125 0.5967592592592592 0.009375 0.05277777777777778
2 0.39557291666666666 0.4324074074074074 0.008854166666666666 0.03518518518518519
2 0.6065104166666667 0.4675925925925926 0.008854166666666666 0.040740740740740744
2 0.5018229166666667 0.5194444444444445 0.008854166666666666 0.040740740740740744
2 0.6130208333333333 0.5907407407407408 0.016666666666666666 0.05
2 0.8127604166666667 0.7398148148148148 0.0140625 0.06481481481481481
2 0.3260416666666667 0.5981481481481481 0.011458333333333333 0.05185185185185185
2 0.6888020833333334 0.549074074074074 0.009895833333333333 0.044444444444444446
2 0.7627604166666667 0.625462962962963 0.013020833333333334 0.05092592592592592
3 0.2777604166666666 0.9458333333333333 0.0234375 0.0787037037037037
2 0.54609375 0.5925925925925926 0.011979166666666667 0.053703703703703705
2 0.5411458333333333 0.7166666666666667 0.020833333333333332 0.06111111111111111
0 0.849703125 0.5130277777777779 0.004656250000000028 0.008342592592592584
3 0.680203125 0.36495370370370367 0.006083333333333248 0.02837962962962961