3 0.16588541666666667 0.3829722222222222 0.0078125 0.026851851851851852
2 0.55625 0.4351851851851852 0.007291666666666667 0.03888888888888889
2 0.7036458333333333 0.44583333333333336 0.007291666666666667 0.03981481481481482
2 0.5057291666666667 0.3990740740740741 0.007291666666666667 0.03333333333333333
2 0.3151041666666667 0.38981481481481484 0.008333333333333333 0.03148148148148148
2 0.37083333333333335 0.45046296296296295 0.008333333333333333 0.03981481481481482
2 0.61796875 0.4925925925925926 0.0109375 0.046296296296296294
2 0.8869791666666667 0.5277777777777778 0.020833333333333332 0.05185185185185185
2 0.9122395833333333 0.5407407407407407 0.019270833333333334 0.05
2 0.20677083333333332 0.41388888888888886 0.009375 0.037037037037037035
2 0.33697916666666666 0.5773148148148148 0.010416666666666666 0.06018518518518518
3 0.48984375 0.5051944444444445 0.008854166666666666 0.049074074074074076
2 0.36614583333333334 0.5018518518518519 0.011458333333333333 0.05
2 0.18880208333333334 0.512962962962963 0.0140625 0.04814814814814815
2 0.17630208333333333 0.48842592592592593 0.0109375 0.049074074074074076
2 0.6744791666666666 0.5314814814814814 0.015625 0.05185185185185185
2 0.7533854166666667 0.6268518518518519 0.019270833333333334 0.06296296296296296
2 0.5869791666666667 0.7189814814814814 0.022916666666666665 0.0787037037037037
2 0.1828125 0.5597222222222222 0.014583333333333334 0.06574074074074074
2 0.62265625 0.5430555555555555 0.0203125 0.05277777777777778
2 0.8364583333333333 0.6462962962962963 0.0125 0.06851851851851852
2 0.43385416666666665 0.687962962962963 0.021875 0.07407407407407407
0 0.909015625 0.524425925925926 0.007124999999999914 0.012472222222222247
1 0.8696666666666667 0.45725925925925925 0.013593749999999953 0.04497222222222227