2 0.24571874999999999 0.3116851851851852 0.010640624999999975 0.05439814814814815
3 0.5934895833333333 0.26296296296296295 0.008854166666666666 0.044444444444444446
2 0.584375 0.3101851851851852 0.009375 0.05
2 0.30182291666666666 0.3143518518518518 0.011979166666666667 0.05277777777777778
2 0.48203125 0.30092592592592593 0.0140625 0.04814814814814815
2 0.13098958333333333 0.4449074074074074 0.0171875 0.0787037037037037
2 0.8091145833333333 0.34074074074074073 0.011979166666666667 0.05555555555555555
2 0.6106770833333334 0.3194444444444444 0.013020833333333334 0.05925925925925926
2 0.42734375 0.3143518518518518 0.024479166666666666 0.04722222222222222
2 0.19036458333333334 0.36157407407407405 0.0140625 0.062037037037037036
2 0.47604166666666664 0.34120370370370373 0.011458333333333333 0.06018518518518518
2 0.7591145833333334 0.4305555555555556 0.016145833333333335 0.07777777777777778
2 0.5018229166666667 0.33101851851851855 0.018229166666666668 0.04722222222222222
2 0.23098958333333333 0.3638888888888889 0.013020833333333334 0.06666666666666667
2 0.7020833333333333 0.3578703703703704 0.0125 0.06759259259259259
3 0.51484375 0.3902777777777778 0.011979166666666667 0.06759259259259259
2 0.4947916666666667 0.38333333333333336 0.014583333333333334 0.06481481481481481
2 0.3619791666666667 0.37916666666666665 0.014583333333333334 0.06574074074074074
2 0.28098958333333335 0.5847222222222223 0.018229166666666668 0.09722222222222222
2 0.55234375 0.6708333333333333 0.0203125 0.10648148148148148
2 0.6705729166666666 0.41712962962962963 0.013020833333333334 0.07314814814814814
2 0.25338541666666664 0.49074074074074076 0.0203125 0.09074074074074075
0 0.44283333333333336 0.18233333333333332 0.004479166666666619 0.009638888888888912