3 0.8341145833333333 0.3829722222222222 0.0078125 0.026851851851851852
2 0.44375 0.4351851851851852 0.007291666666666667 0.03888888888888889
2 0.29635416666666664 0.44583333333333336 0.007291666666666667 0.03981481481481482
2 0.4942708333333333 0.3990740740740741 0.007291666666666667 0.03333333333333333
2 0.6848958333333334 0.38981481481481484 0.008333333333333333 0.03148148148148148
2 0.6291666666666667 0.45046296296296295 0.008333333333333333 0.03981481481481482
2 0.38203125 0.4925925925925926 0.0109375 0.046296296296296294
2 0.11302083333333333 0.5277777777777778 0.020833333333333332 0.05185185185185185
2 0.08776041666666666 0.5407407407407407 0.019270833333333334 0.05
2 0.7932291666666667 0.41388888888888886 0.009375 0.037037037037037035
2 0.6630208333333333 0.5773148148148148 0.010416666666666666 0.06018518518518518
3 0.51015625 0.5051944444444445 0.008854166666666666 0.049074074074074076
2 0.6338541666666667 0.5018518518518519 0.011458333333333333 0.05
2 0.8111979166666666 0.512962962962963 0.0140625 0.04814814814814815
2 0.8236979166666667 0.48842592592592593 0.0109375 0.049074074074074076
2 0.3255208333333333 0.5314814814814814 0.015625 0.05185185185185185
2 0.24661458333333333 0.6268518518518519 0.019270833333333334 0.06296296296296296
2 0.41302083333333334 0.7189814814814814 0.022916666666666665 0.0787037037037037
2 0.8171875 0.5597222222222222 0.014583333333333334 0.06574074074074074
2 0.37734375 0.5430555555555555 0.0203125 0.05277777777777778
2 0.16354166666666667 0.6462962962962963 0.0125 0.06851851851851852
2 0.5661458333333333 0.687962962962963 0.021875 0.07407407407407407
0 0.09098437500000003 0.524425925925926 0.007125000000000004 0.012472222222222247
1 0.13033333333333333 0.45725925925925925 0.013593750000000012 0.04497222222222227