2 0.4479166666666667 0.4 0.009375 0.03518518518518519
2 0.496734375 0.3829074074074074 0.01323958333333337 0.03684259259259256
3 0.3325052083333333 0.3574907407407407 0.009895833333333333 0.03333333333333333
2 0.38046875 0.41388888888888886 0.0109375 0.03518518518518519
2 0.37109375 0.412962962962963 0.0140625 0.037037037037037035
2 0.41119791666666666 0.3731481481481482 0.0109375 0.03333333333333333
2 0.5708333333333333 0.4 0.009375 0.03888888888888889
2 0.590625 0.40324074074074073 0.010416666666666666 0.03981481481481482
2 0.675 0.4356481481481482 0.011458333333333333 0.04722222222222222
2 0.4549479166666667 0.4203703703703704 0.008854166666666666 0.040740740740740744
2 0.6932291666666667 0.4310185185185185 0.0125 0.04351851851851852
2 0.471875 0.42083333333333334 0.011458333333333333 0.04351851851851852
3 0.5643229166666667 0.4412037037037037 0.015104166666666667 0.049074074074074076
2 0.8002604166666667 0.5375 0.016145833333333335 0.062037037037037036
2 0.55390625 0.47314814814814815 0.016145833333333335 0.05185185185185185
2 0.8864583333333333 0.612037037037037 0.014583333333333334 0.07037037037037037
2 0.4388020833333333 0.5310185185185186 0.0109375 0.06018518518518518
2 0.5033854166666667 0.4777777777777778 0.0109375 0.05555555555555555
2 0.21901041666666668 0.4685185185185185 0.016145833333333335 0.05555555555555555
2 0.7234375 0.48842592592592593 0.011458333333333333 0.06018518518518518
2 0.6875 0.7509259259259259 0.025 0.08703703703703704
2 0.16666666666666666 0.6069444444444444 0.01875 0.07685185185185185
0 0.3663489583333333 0.4184907407407408 0.0046875 0.010194444444444437