2 0.5520833333333334 0.4 0.009375 0.03518518518518519
2 0.5032656249999999 0.3829074074074074 0.01323958333333337 0.03684259259259256
3 0.6674947916666667 0.3574907407407407 0.009895833333333333 0.03333333333333333
2 0.61953125 0.41388888888888886 0.0109375 0.03518518518518519
2 0.62890625 0.412962962962963 0.0140625 0.037037037037037035
2 0.5888020833333333 0.3731481481481482 0.0109375 0.03333333333333333
2 0.42916666666666664 0.4 0.009375 0.03888888888888889
2 0.409375 0.40324074074074073 0.010416666666666666 0.03981481481481482
2 0.325 0.4356481481481482 0.011458333333333333 0.04722222222222222
2 0.5450520833333333 0.4203703703703704 0.008854166666666666 0.040740740740740744
2 0.3067708333333333 0.4310185185185185 0.0125 0.04351851851851852
2 0.528125 0.42083333333333334 0.011458333333333333 0.04351851851851852
3 0.4356770833333333 0.4412037037037037 0.015104166666666667 0.049074074074074076
2 0.19973958333333333 0.5375 0.016145833333333335 0.062037037037037036
2 0.44609375 0.47314814814814815 0.016145833333333335 0.05185185185185185
2 0.11354166666666667 0.612037037037037 0.014583333333333334 0.07037037037037037
2 0.5611979166666666 0.5310185185185186 0.0109375 0.06018518518518518
2 0.49661458333333336 0.4777777777777778 0.0109375 0.05555555555555555
2 0.7809895833333333 0.4685185185185185 0.016145833333333335 0.05555555555555555
2 0.2765625 0.48842592592592593 0.011458333333333333 0.06018518518518518
2 0.3125 0.7509259259259259 0.025 0.08703703703703704
2 0.8333333333333334 0.6069444444444444 0.01875 0.07685185185185185
0 0.6336510416666667 0.4184907407407408 0.0046875 0.010194444444444437