2 0.6231770833333333 0.37037037037037035 0.009895833333333333 0.03333333333333333
2 0.6315104166666666 0.37407407407407406 0.0078125 0.03148148148148148
2 0.440625 0.362962962962963 0.010416666666666666 0.027777777777777776
2 0.41875 0.3625 0.016666666666666666 0.030555555555555555
2 0.504625 0.39198148148148143 0.012374999999999995 0.03767592592592587
2 0.3359375 0.38055555555555554 0.0125 0.03333333333333333
2 0.5524114583333334 0.44828703703703704 0.013156250000000114 0.05157407407407412
2 0.46536458333333336 0.38796296296296295 0.0109375 0.040740740740740744
2 0.48984375 0.4050925925925926 0.0109375 0.041666666666666664
2 0.8377604166666667 0.6041666666666666 0.019270833333333334 0.06759259259259259
1 0.0796875 0.4009259259259259 0.008333333333333333 0.04259259259259259
2 0.76796875 0.4773148148148148 0.013020833333333334 0.05277777777777778
2 0.7325520833333333 0.4212962962962963 0.008854166666666666 0.044444444444444446
2 0.290625 0.42592592592592593 0.011458333333333333 0.046296296296296294
2 0.7059895833333333 0.42453703703703705 0.013020833333333334 0.04537037037037037
2 0.7895833333333333 0.5296296296296297 0.015625 0.06296296296296296
2 0.38203125 0.48657407407407405 0.0140625 0.05462962962962963
2 0.228125 0.5351851851851852 0.016666666666666666 0.06666666666666667
2 0.69375 0.7407407407407407 0.023958333333333335 0.08703703703703704
0 0.35644791666666664 0.3803240740740741 0.004864583333333291 0.008805555555555547
3 0.39255208333333336 0.34671296296296295 0.007489583333333391 0.034999999999999955
3 0.5544375 0.4296666666666667 0.015890625000000113 0.0415462962962963