2 0.41692708333333334 0.41435185185185186 0.0067708333333333336 0.041666666666666664
2 0.48098958333333336 0.3435185185185185 0.0078125 0.03333333333333333
2 0.21822916666666667 0.36064814814814816 0.014583333333333334 0.03796296296296296
3 0.0671875 0.9791666666666666 0.021875 0.03981481481481482
2 0.45026041666666666 0.38935185185185184 0.008854166666666666 0.04722222222222222
3 0.5921875 0.30833333333333335 0.009375 0.037037037037037035
2 0.45286458333333335 0.34814814814814815 0.0109375 0.03888888888888889
2 0.6106770833333334 0.34120370370370373 0.0109375 0.03796296296296296
2 0.5182291666666666 0.3648148148148148 0.010416666666666666 0.046296296296296294
2 0.20625 0.41388888888888886 0.009375 0.053703703703703705
2 0.5013020833333334 0.3768518518518518 0.0078125 0.046296296296296294
2 0.8114583333333333 0.3592592592592593 0.011458333333333333 0.04259259259259259
2 0.24609375 0.3476851851851852 0.008854166666666666 0.041666666666666664
2 0.21510416666666668 0.41805555555555557 0.0125 0.05462962962962963
2 0.42239583333333336 0.42685185185185187 0.011458333333333333 0.05740740740740741
1 0.8822604166666667 0.35821296296296296 0.01881770833333339 0.044694444444444426
3 0.5104166666666666 0.4074074074074074 0.0125 0.05555555555555555
2 0.18671875 0.48657407407407405 0.011979166666666667 0.06574074074074074
2 0.64140625 0.44537037037037036 0.0109375 0.05925925925925926
2 0.71953125 0.39351851851851855 0.018229166666666668 0.053703703703703705
2 0.20546875 0.5916666666666667 0.0203125 0.08148148148148149
2 0.7421875 0.4861111111111111 0.014583333333333334 0.06851851851851852
2 0.23229166666666667 0.5268518518518519 0.019791666666666666 0.07407407407407407
2 0.3455729166666667 0.7291666666666666 0.025520833333333333 0.09722222222222222
0 0.6614635416666667 0.07329629629629629 0.004401041666666572 0.008842592592592603