2 0.4 0.30648148148148147 0.010416666666666666 0.03888888888888889
1 0.14869791666666668 0.32592592592592595 0.009895833333333333 0.03888888888888889
2 0.40793229166666667 0.5110555555555556 0.018932291666666618 0.05787962962962962
2 0.803125 0.34120370370370373 0.009375 0.03611111111111111
2 0.2375 0.44305555555555554 0.008333333333333333 0.049074074074074076
2 0.6856770833333333 0.29953703703703705 0.0078125 0.032407407407407406
2 0.8122395833333333 0.3523148148148148 0.0078125 0.041666666666666664
2 0.7020833333333333 0.40694444444444444 0.014583333333333334 0.04351851851851852
2 0.33307291666666666 0.3194444444444444 0.0078125 0.03888888888888889
2 0.7776041666666667 0.5953703703703703 0.013541666666666667 0.06111111111111111
3 0.4953125 0.45 0.017708333333333333 0.04259259259259259
2 0.6505208333333333 0.4550925925925926 0.010416666666666666 0.05462962962962963
2 0.65 0.3162037037037037 0.009375 0.03796296296296296
2 0.44088541666666664 0.5106481481481482 0.0109375 0.049074074074074076
2 0.3971354166666667 0.38472222222222224 0.008854166666666666 0.04537037037037037
2 0.28828125 0.4074074074074074 0.009895833333333333 0.04814814814814815
2 0.3450520833333333 0.611574074074074 0.0140625 0.06388888888888888
2 0.48411458333333335 0.4912037037037037 0.015104166666666667 0.049074074074074076
2 0.8171875 0.46574074074074073 0.014583333333333334 0.053703703703703705
2 0.30104166666666665 0.5972222222222222 0.030208333333333334 0.053703703703703705
2 0.22265625 0.47453703703703703 0.011979166666666667 0.05648148148148148
3 0.92715625 0.8495370370370371 0.028125 0.08796296296296297
3 0.427171875 0.20557407407407408 0.008583333333333342 0.03138888888888887
2 0.4040625 0.4992777777777778 0.021791666666666622 0.04961111111111104
0 0.4359375 0.5432870370370371 0.004593749999999967 0.01033333333333341