3 0.14505208333333333 0.30462962962962964 0.008854166666666666 0.03333333333333333
2 0.5765625 0.40185185185185185 0.010416666666666666 0.037037037037037035
1 0.7505208333333333 0.3476851851851852 0.0125 0.03611111111111111
2 0.5641510416666667 0.4045740740740741 0.01268229166666662 0.03528703703703705
2 0.6122395833333333 0.36342592592592593 0.009895833333333333 0.041666666666666664
2 0.59375 0.36064814814814816 0.009375 0.03611111111111111
3 0.6012708333333333 0.3958333333333333 0.008854166666666666 0.041666666666666664
2 0.6403645833333333 0.4078703703703704 0.009895833333333333 0.03981481481481482
2 0.18776041666666668 0.4236111111111111 0.008854166666666666 0.04722222222222222
2 0.515625 0.4101851851851852 0.010416666666666666 0.037037037037037035
2 0.7291666666666666 0.4439814814814815 0.010416666666666666 0.04351851851851852
2 0.3184895833333333 0.3648148148148148 0.0109375 0.037037037037037035
2 0.45729166666666665 0.4532407407407407 0.011458333333333333 0.04351851851851852
2 0.7520833333333333 0.49166666666666664 0.009375 0.046296296296296294
3 0.9744791666666667 0.6333333333333333 0.017708333333333333 0.06481481481481481
2 0.40651041666666665 0.387037037037037 0.008854166666666666 0.040740740740740744
2 0.6818072916666666 0.4875555555555555 0.010317708333333305 0.04953703703703704
2 0.5619791666666667 0.47962962962962963 0.011458333333333333 0.046296296296296294
2 0.21354166666666666 0.42962962962962964 0.010416666666666666 0.046296296296296294
2 0.290625 0.5291666666666667 0.013541666666666667 0.05648148148148148
2 0.4908854166666667 0.5226851851851851 0.009895833333333333 0.05648148148148148
2 0.31953125 0.5398148148148149 0.0140625 0.05185185185185185
2 0.5756927083333333 0.3693796296296296 0.009973958333333382 0.04274074074074071