2 0.47161458333333334 0.3680555555555556 0.009895833333333333 0.03796296296296296
2 0.4635416666666667 0.2726851851851852 0.00625 0.030555555555555555
1 0.032552083333333336 0.36342592592592593 0.015104166666666667 0.04351851851851852
2 0.3528645833333333 0.2875 0.008854166666666666 0.03425925925925926
2 0.3111979166666667 0.36203703703703705 0.008854166666666666 0.04259259259259259
2 0.27291666666666664 0.4671296296296296 0.011458333333333333 0.04537037037037037
2 0.40338541666666666 0.6304444444444445 0.022395833333333334 0.052083333333333336
2 0.5348958333333333 0.32592592592592595 0.008333333333333333 0.040740740740740744
2 0.6520833333333333 0.3625 0.009375 0.04537037037037037
2 0.7778645833333333 0.49074074074074076 0.013020833333333334 0.05555555555555555
2 0.7140625 0.6716759259259258 0.017708333333333333 0.06742592592592586
2 0.679265625 0.5147407407407407 0.01438541666666661 0.05154629629629636
2 0.38828125 0.27361111111111114 0.0078125 0.03425925925925926
2 0.30234375 0.36157407407407405 0.0109375 0.04351851851851852
2 0.6036458333333333 0.5101851851851852 0.014583333333333334 0.05
3 0.42864583333333334 0.4064814814814815 0.009375 0.044444444444444446
2 0.3059895833333333 0.4949074074074074 0.0109375 0.04722222222222222
2 0.7411458333333333 0.3013888888888889 0.008333333333333333 0.03796296296296296
2 0.7872395833333333 0.7055555555555556 0.0171875 0.06851851851851852
2 0.8575520833333333 0.4708333333333333 0.018229166666666668 0.05277777777777778
0 0.7802239583333334 0.728212962962963 0.0067552083333332295 0.01423148148148138
2 0.5544583333333333 0.22995370370370372 0.00859375 0.03437962962962963
3 0.3609791666666667 0.2146851851851852 0.008052083333333352 0.032398148148148155
2 0.3883854166666667 0.61725 0.016114583333333363 0.05782407407407412