1 0.7182291666666667 0.3476851851851852 0.011458333333333333 0.03796296296296296
2 0.6390625 0.4134259259259259 0.013541666666666667 0.03611111111111111
2 0.6111979166666667 0.48935185185185187 0.009895833333333333 0.03611111111111111
2 0.4869791666666667 0.3194444444444444 0.007291666666666667 0.03148148148148148
2 0.20338541666666668 0.4 0.009895833333333333 0.03333333333333333
2 0.5052083333333334 0.32731481481481484 0.009375 0.026851851851851852
2 0.3138020833333333 0.4013888888888889 0.0078125 0.03425925925925926
2 0.5955729166666667 0.41064814814814815 0.009895833333333333 0.03611111111111111
2 0.21901041666666668 0.3490740740740741 0.0067708333333333336 0.027777777777777776
2 0.23046875 0.3875 0.008854166666666666 0.03425925925925926
2 0.6377604166666667 0.4537037037037037 0.015104166666666667 0.037037037037037035
2 0.15624479166666666 0.5063888888888889 0.008322916666666676 0.04832407407407412
2 0.7471354166666667 0.5509259259259259 0.008854166666666666 0.05185185185185185
2 0.30807291666666664 0.4324074074074074 0.008854166666666666 0.037037037037037035
3 0.51875 0.41435185185185186 0.008333333333333333 0.03611111111111111
2 0.48125 0.48333333333333334 0.011458333333333333 0.044444444444444446
2 0.421875 0.3638888888888889 0.010416666666666666 0.03148148148148148
2 0.14739583333333334 0.4199074074074074 0.011458333333333333 0.03981481481481482
2 0.5018229166666667 0.4689814814814815 0.015104166666666667 0.03981481481481482
3 0.86696875 0.6030740740740741 0.01710937499999995 0.05800000000000009
0 0.45252083333333337 0.30893518518518515 0.0059322916666667185 0.012092592592592542
2 0.5676927083333333 0.3709351851851852 0.011562499999999904 0.03764814814814812
2 0.6117864583333333 0.5087314814814814 0.02048437499999996 0.023981481481481565
3 0.15111458333333333 0.31707407407407406 0.01072395833333335 0.03290740740740737
2 0.1610625 0.49658333333333327 0.009567708333333336 0.046629629629629535