1 0.28177083333333336 0.3476851851851852 0.011458333333333333 0.03796296296296296
2 0.3609375 0.4134259259259259 0.013541666666666667 0.03611111111111111
2 0.3888020833333333 0.48935185185185187 0.009895833333333333 0.03611111111111111
2 0.5130208333333334 0.3194444444444444 0.007291666666666667 0.03148148148148148
2 0.7966145833333333 0.4 0.009895833333333333 0.03333333333333333
2 0.4947916666666667 0.32731481481481484 0.009375 0.026851851851851852
2 0.6861979166666666 0.4013888888888889 0.0078125 0.03425925925925926
2 0.4044270833333333 0.41064814814814815 0.009895833333333333 0.03611111111111111
2 0.7809895833333333 0.3490740740740741 0.0067708333333333336 0.027777777777777776
2 0.76953125 0.3875 0.008854166666666666 0.03425925925925926
2 0.36223958333333334 0.4537037037037037 0.015104166666666667 0.037037037037037035
2 0.8437552083333333 0.5063888888888889 0.008322916666666676 0.04832407407407412
2 0.25286458333333334 0.5509259259259259 0.008854166666666666 0.05185185185185185
2 0.6919270833333333 0.4324074074074074 0.008854166666666666 0.037037037037037035
3 0.48125 0.41435185185185186 0.008333333333333333 0.03611111111111111
2 0.51875 0.48333333333333334 0.011458333333333333 0.044444444444444446
2 0.578125 0.3638888888888889 0.010416666666666666 0.03148148148148148
2 0.8526041666666667 0.4199074074074074 0.011458333333333333 0.03981481481481482
2 0.4981770833333333 0.4689814814814815 0.015104166666666667 0.03981481481481482
3 0.13303125000000005 0.6030740740740741 0.017109375000000013 0.05800000000000009
0 0.5474791666666666 0.30893518518518515 0.0059322916666666005 0.012092592592592542
2 0.43230729166666665 0.3709351851851852 0.011562500000000024 0.03764814814814812
2 0.3882135416666666 0.5087314814814814 0.02048437499999996 0.023981481481481565
3 0.8488854166666667 0.31707407407407406 0.01072395833333341 0.03290740740740737
2 0.8389375 0.49658333333333327 0.009567708333333277 0.046629629629629535