2 0.6861979166666666 0.38564814814814813 0.008854166666666666 0.041666666666666664
2 0.6809895833333334 0.32083333333333336 0.0067708333333333336 0.04351851851851852
2 0.5942708333333333 0.33425925925925926 0.0125 0.044444444444444446
2 0.6401041666666667 0.3509259259259259 0.008333333333333333 0.040740740740740744
2 0.7252604166666666 0.33796296296296297 0.008854166666666666 0.04259259259259259
3 0.021354166666666667 0.26908333333333334 0.010416666666666666 0.041666666666666664
2 0.27109375 0.2967592592592593 0.008854166666666666 0.041666666666666664
2 0.7114583333333333 0.35 0.011458333333333333 0.04814814814814815
2 0.74375 0.39166666666666666 0.010416666666666666 0.05
2 0.65234375 0.36342592592592593 0.009895833333333333 0.04722222222222222
2 0.5236979166666667 0.31851851851851853 0.011979166666666667 0.03888888888888889
2 0.39036458333333335 0.44675925925925924 0.009895833333333333 0.058333333333333334
3 0.5927083333333333 0.3750925925925926 0.010416666666666666 0.05185185185185185
2 0.25494791666666666 0.32175925925925924 0.0078125 0.04351851851851852
2 0.49765625 0.35555555555555557 0.009895833333333333 0.046296296296296294
2 0.6807291666666667 0.412962962962963 0.014583333333333334 0.053703703703703705
2 0.17916666666666667 0.3819444444444444 0.011458333333333333 0.049074074074074076
2 0.3802083333333333 0.4513888888888889 0.011458333333333333 0.06018518518518518
2 0.45807291666666666 0.3824074074074074 0.009895833333333333 0.05
1 0.7311093750000001 0.2961481481481481 0.01207291666666658 0.04678703703703701
0 0.5631302083333334 0.2981111111111111 0.005572916666666572 0.010120370370370325
2 0.5829062500000001 0.3286111111111111 0.01572395833333336 0.04115740740740745
2 0.6071093750000001 0.29737962962962966 0.011677083333333371 0.03950925925925922
2 0.6162604166666666 0.30041666666666667 0.013463541666666618 0.035583333333333286