2 0.47682291666666665 0.3425925925925926 0.008854166666666666 0.04259259259259259
1 0.7565104166666666 0.33935185185185185 0.011979166666666667 0.03796296296296296
2 0.48151041666666666 0.33564814814814814 0.008854166666666666 0.03981481481481482
3 0.10494791666666667 0.29814814814814816 0.0109375 0.03518518518518519
2 0.12473958333333333 0.38564814814814813 0.008854166666666666 0.04351851851851852
2 0.3885416666666667 0.44583333333333336 0.013541666666666667 0.041666666666666664
2 0.16067708333333333 0.5083333333333333 0.0109375 0.05555555555555555
3 0.42149479166666665 0.3978148148148148 0.009093750000000018 0.043787037037037006
2 0.5302083333333333 0.38796296296296295 0.016666666666666666 0.03888888888888889
2 0.28411458333333334 0.3541666666666667 0.0078125 0.03611111111111111
2 0.58984375 0.4111111111111111 0.016145833333333335 0.04259259259259259
2 0.15 0.40370370370370373 0.011458333333333333 0.044444444444444446
2 0.24453125 0.34953703703703703 0.0078125 0.03981481481481482
2 0.28489583333333335 0.4027777777777778 0.009375 0.03888888888888889
2 0.5416666666666666 0.3662037037037037 0.0125 0.041666666666666664
2 0.57265625 0.4652777777777778 0.0078125 0.04722222222222222
2 0.659375 0.475 0.010416666666666666 0.044444444444444446
2 0.4739583333333333 0.46805555555555556 0.008333333333333333 0.03981481481481482
2 0.48880208333333336 0.4166666666666667 0.011979166666666667 0.04259259259259259
2 0.18697916666666667 0.5189814814814815 0.010416666666666666 0.049074074074074076
2 0.75625 0.6143518518518518 0.013541666666666667 0.062037037037037036
2 0.3807291666666667 0.5180555555555556 0.010416666666666666 0.058333333333333334
3 0.88203125 0.6791666666666667 0.0171875 0.075
0 0.39051041666666664 0.46625 0.00536458333333331 0.009148148148148143
2 0.41713541666666665 0.3985648148148148 0.011296875000000029 0.042101851851851876