2 0.4123645833333333 0.3953981481481481 0.011635416666666624 0.036361111111111094
2 0.6916666666666667 0.3490740740740741 0.011458333333333333 0.022222222222222223
2 0.5125 0.3351851851851852 0.008333333333333333 0.03148148148148148
2 0.6885416666666667 0.3875 0.007291666666666667 0.03425925925925926
2 0.5403645833333334 0.33287037037037037 0.009895833333333333 0.030555555555555555
2 0.4114583333333333 0.42083333333333334 0.010416666666666666 0.04351851851851852
1 0.3067708333333333 0.3490740740740741 0.007291666666666667 0.03333333333333333
2 0.8223958333333333 0.37175925925925923 0.00625 0.032407407407407406
2 0.48072916666666665 0.36203703703703705 0.007291666666666667 0.03518518518518519
2 0.67578125 0.41944444444444445 0.008854166666666666 0.037037037037037035
2 0.46796875 0.3939814814814815 0.0067708333333333336 0.03611111111111111
2 0.7138020833333333 0.34814814814814815 0.0067708333333333336 0.02962962962962963
2 0.596875 0.36342592592592593 0.008333333333333333 0.032407407407407406
3 0.158203125 0.6161296296296296 0.015369791666666662 0.06003703703703696
2 0.5411458333333333 0.4759259259259259 0.008333333333333333 0.046296296296296294
2 0.8078125 0.40879629629629627 0.009375 0.03796296296296296
2 0.27369791666666665 0.5578703703703703 0.015104166666666667 0.049074074074074076
2 0.5161458333333333 0.4638888888888889 0.008333333333333333 0.040740740740740744
2 0.8270833333333333 0.5060185185185185 0.011458333333333333 0.049074074074074076
2 0.3984375 0.4861111111111111 0.011458333333333333 0.044444444444444446
3 0.5508645833333332 0.4246759259259259 0.011979166666666667 0.041666666666666664
2 0.37395833333333334 0.48148148148148145 0.009375 0.04814814814814815
0 0.68015625 0.31500925925925927 0.00475520833333339 0.00910185185185189
2 0.8279895833333334 0.48969444444444443 0.010781249999999905 0.04849074074074064
3 0.8443958333333333 0.31627777777777777 0.008578124999999897 0.03145370370370373