3 0.66171875 0.2388888888888889 0.008854166666666666 0.02962962962962963
2 0.7666666666666667 0.4046296296296296 0.010416666666666666 0.044444444444444446
2 0.5796875 0.3013888888888889 0.007291666666666667 0.030555555555555555
2 0.39947916666666666 0.3143518518518518 0.009375 0.03796296296296296
2 0.3397604166666666 0.35079629629629633 0.0121458333333333 0.0386388888888889
2 0.5682291666666667 0.3625 0.009375 0.03796296296296296
2 0.7661458333333333 0.49444444444444446 0.0125 0.046296296296296294
2 0.32734375 0.29074074074074074 0.0078125 0.03148148148148148
2 0.37838541666666664 0.32407407407407407 0.013020833333333334 0.03333333333333333
2 0.4591145833333333 0.29074074074074074 0.009895833333333333 0.03333333333333333
2 0.3059895833333333 0.33240740740740743 0.008854166666666666 0.037037037037037035
2 0.5770833333333333 0.3388888888888889 0.0125 0.037037037037037035
2 0.60703125 0.2814814814814815 0.009895833333333333 0.03518518518518519
2 0.20520833333333333 0.36203703703703705 0.010416666666666666 0.044444444444444446
3 0.3953125 0.3680555555555556 0.008333333333333333 0.04537037037037037
2 0.303125 0.4064814814814815 0.013541666666666667 0.044444444444444446
2 0.52421875 0.48842592592592593 0.011979166666666667 0.06018518518518518
2 0.77421875 0.45 0.013020833333333334 0.05740740740740741
2 0.7276041666666667 0.325 0.010416666666666666 0.040740740740740744
2 0.6419270833333334 0.40370370370370373 0.009895833333333333 0.046296296296296294
2 0.22421875 0.4546296296296296 0.009895833333333333 0.05555555555555555
2 0.6036458333333333 0.5717592592592593 0.01875 0.062037037037037036