2 0.6893229166666667 0.3837962962962963 0.0078125 0.04351851851851852
2 0.7390625 0.34629629629629627 0.009375 0.04259259259259259
2 0.8463541666666666 0.41944444444444445 0.010416666666666666 0.04814814814814815
2 0.6794270833333333 0.31851851851851853 0.0078125 0.03888888888888889
2 0.6096354166666667 0.3037037037037037 0.009895833333333333 0.040740740740740744
2 0.8375 0.42592592592592593 0.01875 0.05
2 0.49609375 0.31805555555555554 0.008854166666666666 0.041666666666666664
2 0.37604166666666666 0.3439814814814815 0.014583333333333334 0.04722222222222222
2 0.23515625 0.29444444444444445 0.008854166666666666 0.03888888888888889
2 0.5890625 0.28888888888888886 0.008333333333333333 0.04259259259259259
3 0.5783854166666667 0.3685185185185185 0.009895833333333333 0.044444444444444446
2 0.21328125 0.3106481481481482 0.011979166666666667 0.041666666666666664
2 0.3653645833333333 0.36898148148148147 0.0109375 0.04722222222222222
2 0.31640625 0.44166666666666665 0.015104166666666667 0.05740740740740741
2 0.68046875 0.425 0.011979166666666667 0.05740740740740741
2 0.13125 0.36527777777777776 0.010416666666666666 0.04722222222222222
2 0.3026041666666667 0.45555555555555555 0.016666666666666666 0.05925925925925926
1 0.7168854166666667 0.29515740740740737 0.012885416666666554 0.044037037037036986
2 0.6860260416666667 0.30492592592592593 0.011411458333333258 0.0481203703703704
2 0.6485052083333334 0.324712962962963 0.0106197916666666 0.04696296296296299
2 0.6478072916666666 0.30403703703703705 0.010437499999999982 0.04634259259259255
2 0.6144322916666667 0.2872222222222222 0.010046874999999981 0.043601851851851885