2 0.5807291666666666 0.22361111111111112 0.009375 0.041666666666666664
2 0.49505208333333334 0.2101851851851852 0.009895833333333333 0.027777777777777776
2 0.39088541666666665 0.2569444444444444 0.0067708333333333336 0.04351851851851852
2 0.478125 0.20833333333333334 0.008333333333333333 0.037037037037037035
2 0.5712499999999999 0.2229722222222222 0.008203125 0.039249999999999986
2 0.5868958333333333 0.21471296296296294 0.014750000000000086 0.0275648148148148
2 0.28854166666666664 0.2324074074074074 0.007291666666666667 0.044444444444444446
3 0.27265625 0.21574074074074073 0.008854166666666666 0.037037037037037035
2 0.26979166666666665 0.28055555555555556 0.008333333333333333 0.044444444444444446
2 0.4986979166666667 0.26481481481481484 0.0078125 0.04259259259259259
2 0.453125 0.27546296296296297 0.008333333333333333 0.04537037037037037
2 0.8234375 0.4074074074074074 0.0125 0.05925925925925926
2 0.5765625 0.33240740740740743 0.011458333333333333 0.05
2 0.35989583333333336 0.34444444444444444 0.010416666666666666 0.053703703703703705
2 0.7572916666666667 0.3435185185185185 0.011458333333333333 0.05740740740740741
2 0.21197916666666666 0.4791666666666667 0.017708333333333333 0.06759259259259259
2 0.79609375 0.38472222222222224 0.011979166666666667 0.058333333333333334
3 0.6325520833333333 0.30277777777777776 0.0109375 0.05
2 0.6236979166666666 0.4375 0.016145833333333335 0.06018518518518518
2 0.29609375 0.9671296296296297 0.022395833333333334 0.06388888888888888
2 0.7153645833333333 0.4152777777777778 0.015104166666666667 0.062037037037037036
2 0.6721354166666667 0.7263888888888889 0.022395833333333334 0.08425925925925926
0 0.5211197916666667 0.22057407407407406 0.005229166666666648 0.01050925925925928
2 0.5728854166666667 0.20725925925925925 0.00716666666666678 0.03427777777777776