3 0.7518854166666666 0.20833333333333334 0.0067708333333333336 0.037037037037037035
2 0.5700520833333333 0.22268518518518518 0.008854166666666666 0.030555555555555555
2 0.68984375 0.22685185185185186 0.011979166666666667 0.04814814814814815
2 0.390625 0.2212962962962963 0.008333333333333333 0.03518518518518519
2 0.25625 0.35509259259259257 0.015625 0.05648148148148148
2 0.5083333333333333 0.2638888888888889 0.008333333333333333 0.04259259259259259
2 0.6380208333333334 0.2638888888888889 0.008333333333333333 0.046296296296296294
2 0.3455729166666667 0.2722222222222222 0.008854166666666666 0.046296296296296294
2 0.3971354166666667 0.26805555555555555 0.009895833333333333 0.04351851851851852
2 0.5643229166666667 0.28935185185185186 0.011979166666666667 0.049074074074074076
3 0.3736979166666667 0.3143518518518518 0.009895833333333333 0.049074074074074076
2 0.42942708333333335 0.3337962962962963 0.0109375 0.05092592592592592
2 0.728125 0.26990740740740743 0.009375 0.04537037037037037
2 0.6674479166666667 0.3537037037037037 0.013020833333333334 0.05555555555555555
2 0.4075520833333333 0.4625 0.013020833333333334 0.062037037037037036
2 0.22239583333333332 0.39444444444444443 0.011458333333333333 0.06111111111111111
2 0.20494791666666667 0.41944444444444445 0.015104166666666667 0.06111111111111111
2 0.84296875 0.49907407407407406 0.0140625 0.06851851851851852
2 0.42213541666666665 0.7416666666666667 0.0203125 0.08333333333333333
2 0.328125 0.42407407407407405 0.014583333333333334 0.06296296296296296
2 0.533453125 0.2012685185185185 0.008671875000000048 0.0345462962962963
2 0.40582812500000004 0.19725 0.008635416666666628 0.03442592592592593