2 0.42864583333333334 0.3296296296296296 0.009375 0.02962962962962963
2 0.6759166666666666 0.37717592592592597 0.011208333333333324 0.04324074074074078
2 0.8272812500000001 0.49119444444444443 0.016020833333333446 0.05089814814814817
2 0.33697916666666666 0.3402777777777778 0.010416666666666666 0.03611111111111111
2 0.5138020833333333 0.40046296296296297 0.019270833333333334 0.03611111111111111
1 0.975 0.3990740740740741 0.011458333333333333 0.04259259259259259
2 0.5874895833333333 0.3143888888888889 0.008307291666666572 0.03617592592592597
2 0.40390625 0.4222222222222222 0.009895833333333333 0.046296296296296294
2 0.7380208333333333 0.638425925925926 0.011458333333333333 0.05462962962962963
2 0.538140625 0.4294907407407408 0.010656250000000018 0.03917592592592588
2 0.5557291666666667 0.5375 0.011458333333333333 0.05277777777777778
2 0.7942708333333334 0.5013888888888889 0.009375 0.05092592592592592
2 0.6864583333333333 0.3875 0.0125 0.03611111111111111
2 0.2792447916666667 0.4201388888888889 0.008484374999999982 0.043046296296296305
3 0.5161458333333333 0.44583333333333336 0.010416666666666666 0.049074074074074076
2 0.3151041666666667 0.6444444444444445 0.01875 0.06666666666666667
2 0.67890625 0.6125 0.013020833333333334 0.05462962962962963
2 0.31979166666666664 0.4666666666666667 0.0125 0.046296296296296294
2 0.48984375 0.49675925925925923 0.0171875 0.05092592592592592
2 0.29375 0.5717592592592593 0.017708333333333333 0.06018518518518518
3 0.0984375 0.7907407407407407 0.022916666666666665 0.07222222222222222
3 0.6835416666666667 0.26441666666666663 0.008421875000000039 0.02837037037037036
0 0.5200833333333333 0.3897037037037037 0.004041666666666662 0.007037037037037058
2 0.5414010416666667 0.4168425925925926 0.008880208333333427 0.03578703703703701
2 0.28072916666666664 0.40671296296296294 0.00873437499999999 0.041277777777777816
1 0.002864583333333333 0.4023148148148148 0.005729166666666666 0.041666666666666664