2 0.4682135416666667 0.35271296296296295 0.014546875000000034 0.036907407407407423
2 0.4583333333333333 0.29305555555555557 0.008333333333333333 0.03425925925925926
2 0.5455729166666666 0.2814814814814815 0.0067708333333333336 0.02962962962962963
2 0.3463541666666667 0.30972222222222223 0.007291666666666667 0.03796296296296296
2 0.3692708333333333 0.3731481481481482 0.009375 0.03333333333333333
2 0.2747395833333333 0.3921296296296296 0.0140625 0.04537037037037037
2 0.5765625 0.31574074074074077 0.008333333333333333 0.040740740740740744
2 0.5942708333333333 0.35648148148148145 0.011458333333333333 0.03888888888888889
2 0.47106250000000005 0.4279907407407408 0.01086979166666661 0.04587037037037034
2 0.3385416666666667 0.30694444444444446 0.008333333333333333 0.03981481481481482
2 0.4161458333333333 0.3384259259259259 0.009375 0.03611111111111111
2 0.70234375 0.41712962962962963 0.008854166666666666 0.049074074074074076
3 0.5138020833333333 0.3611759259259259 0.008854166666666666 0.04259259259259259
2 0.25807291666666665 0.40879629629629627 0.0109375 0.05092592592592592
2 0.2598958333333333 0.337037037037037 0.010416666666666666 0.03888888888888889
2 0.6635416666666667 0.3574074074074074 0.010416666666666666 0.044444444444444446
2 0.5481770833333334 0.32685185185185184 0.013020833333333334 0.03888888888888889
2 0.6393229166666666 0.3490740740740741 0.0078125 0.040740740740740744
2 0.27109375 0.475462962962963 0.0109375 0.05648148148148148
2 0.5466145833333333 0.3972222222222222 0.011979166666666667 0.04259259259259259
2 0.4239583333333333 0.5175925925925926 0.015625 0.05740740740740741
3 0.9057291666666667 0.7993055555555556 0.022916666666666665 0.08333333333333333
0 0.48416145833333335 0.3549537037037037 0.0066770833333333005 0.013574074074074044
3 0.2893489583333333 0.2427222222222222 0.010546875 0.03834259259259256