2 0.86328125 0.45092592592592595 0.0109375 0.03888888888888889
1 0.8638020833333333 0.3375 0.013020833333333334 0.03611111111111111
2 0.6466145833333333 0.29953703703703705 0.0078125 0.030555555555555555
2 0.6682291666666667 0.40185185185185185 0.011458333333333333 0.044444444444444446
2 0.7020833333333333 0.3347222222222222 0.010416666666666666 0.03796296296296296
2 0.8292239583333334 0.4606388888888889 0.014697916666666562 0.04720370370370372
2 0.7268229166666667 0.45555555555555555 0.018229166666666668 0.046296296296296294
2 0.33255208333333336 0.3143518518518518 0.008854166666666666 0.03611111111111111
2 0.19088541666666667 0.3421296296296296 0.008854166666666666 0.041666666666666664
2 0.6239583333333333 0.38935185185185184 0.010416666666666666 0.04351851851851852
2 0.33515625 0.3972222222222222 0.008854166666666666 0.037037037037037035
2 0.43645833333333334 0.49027777777777776 0.014583333333333334 0.041666666666666664
2 0.22552083333333334 0.41574074074074074 0.010416666666666666 0.046296296296296294
2 0.6572916666666667 0.4449074074074074 0.009375 0.04537037037037037
2 0.74609375 0.5074074074074074 0.015104166666666667 0.05
3 0.6082916666666667 0.44583333333333336 0.011458333333333333 0.04722222222222222
2 0.20546875 0.5356481481481481 0.0140625 0.05092592592592592
2 0.17916666666666667 0.3578703703703704 0.011458333333333333 0.041666666666666664
2 0.7440104166666667 0.4476851851851852 0.0171875 0.04722222222222222
2 0.19895833333333332 0.45925925925925926 0.015625 0.05555555555555555
2 0.4830729166666667 0.5370370370370371 0.013020833333333334 0.05925925925925926
3 0.0875 0.8592592592592593 0.030208333333333334 0.08333333333333333
2 0.37264583333333334 0.28648148148148145 0.011255208333333282 0.030120370370370346
3 0.587078125 0.21316666666666667 0.009541666666666752 0.029833333333333305
0 0.6650989583333333 0.515925925925926 0.0072864583333332195 0.013712962962962913