2 0.49505208333333334 0.2569444444444444 0.005729166666666666 0.028703703703703703
2 0.2559895833333333 0.3736111111111111 0.0078125 0.03981481481481482
2 0.41067708333333336 0.2962962962962963 0.0067708333333333336 0.03148148148148148
2 0.26328125 0.3731481481481482 0.008854166666666666 0.03888888888888889
2 0.4388020833333333 0.3763888888888889 0.0078125 0.03425925925925926
2 0.28619791666666666 0.31712962962962965 0.0067708333333333336 0.030555555555555555
2 0.7302083333333333 0.4777777777777778 0.011458333333333333 0.046296296296296294
1 0.00546875 0.39537037037037037 0.009895833333333333 0.03888888888888889
2 0.46796875 0.3527777777777778 0.009895833333333333 0.037037037037037035
2 0.80859375 0.44722222222222224 0.009895833333333333 0.044444444444444446
2 0.3223958333333333 0.30972222222222223 0.007291666666666667 0.032407407407407406
2 0.24192708333333332 0.6083333333333333 0.0140625 0.05555555555555555
2 0.5921875 0.37222222222222223 0.008333333333333333 0.03888888888888889
3 0.9675729166666667 0.6682870370370371 0.020833333333333332 0.062037037037037036
2 0.5700520833333333 0.5125 0.0109375 0.049074074074074076
3 0.35546875 0.42407407407407405 0.0078125 0.04259259259259259
2 0.6135416666666667 0.5541666666666667 0.0125 0.05092592592592592
2 0.27057291666666666 0.5203703703703704 0.0109375 0.05925925925925926
2 0.28854166666666664 0.5444444444444444 0.011458333333333333 0.053703703703703705
2 0.6950520833333333 0.31296296296296294 0.0078125 0.037037037037037035
2 0.6825520833333333 0.4925925925925926 0.0109375 0.053703703703703705
2 0.5893229166666667 0.5680555555555555 0.011979166666666667 0.05648148148148148
2 0.16171875 0.7087962962962963 0.019270833333333334 0.06018518518518518
3 0.30586458333333333 0.2466574074074074 0.007229166666666723 0.030694444444444424
1 0.9196510416666667 0.37007407407407406 0.014041666666666685 0.03906481481481476
0 0.8055364583333334 0.4641851851851852 0.004916666666666695 0.010814814814814768