2 0.5627604166666667 0.42962962962962964 0.009895833333333333 0.04259259259259259
2 0.55859375 0.32314814814814813 0.011979166666666667 0.040740740740740744
2 0.6395833333333333 0.3560185185185185 0.010416666666666666 0.04537037037037037
2 0.53203125 0.29305555555555557 0.009895833333333333 0.03796296296296296
1 0.8723958333333334 0.32592592592592595 0.011458333333333333 0.044444444444444446
2 0.5369791666666667 0.40046296296296297 0.015625 0.05648148148148148
2 0.6466145833333333 0.43333333333333335 0.016145833333333335 0.05185185185185185
2 0.6484375 0.3814814814814815 0.0125 0.05740740740740741
3 0.4752604166666667 0.39537037037037037 0.013020833333333334 0.046296296296296294
2 0.2604166666666667 0.3263888888888889 0.0125 0.04537037037037037
2 0.43802083333333336 0.3712962962962963 0.011458333333333333 0.05185185185185185
2 0.5658854166666667 0.4689814814814815 0.0140625 0.05462962962962963
2 0.4041666666666667 0.3736111111111111 0.017708333333333333 0.049074074074074076
2 0.6583333333333333 0.44305555555555554 0.010416666666666666 0.06018518518518518
2 0.6807291666666667 0.4 0.016666666666666666 0.05555555555555555
2 0.471875 0.45740740740740743 0.015625 0.05555555555555555
2 0.5622395833333333 0.5254629629629629 0.016145833333333335 0.06388888888888888
2 0.45807291666666666 0.5009259259259259 0.013020833333333334 0.05555555555555555
3 0.8802083333333334 0.6189814814814815 0.020833333333333332 0.08055555555555556
2 0.24010416666666667 0.3972222222222222 0.015625 0.053703703703703705
2 0.36640625 0.5407407407407407 0.0171875 0.07037037037037037
2 0.32578125 0.5263888888888889 0.0265625 0.06574074074074074
2 0.17317708333333334 0.5111111111111111 0.022395833333333334 0.06666666666666667
3 0.2556979166666667 0.25725925925925924 0.00955208333333335 0.030120370370370346
0 0.35046875 0.5574907407407408 0.007697916666666652 0.014564814814814833