2 0.4981770833333333 0.3060185185185185 0.0140625 0.04537037037037037
2 0.19817708333333334 0.42916666666666664 0.015104166666666667 0.06018518518518518
3 0.25157291666666665 0.22456481481481483 0.012484375000000015 0.04345370370370371
2 0.1984375 0.3773148148148148 0.014583333333333334 0.049074074074074076
2 0.50859375 0.3263888888888889 0.013020833333333334 0.04722222222222222
0 0.621875 0.42453703703703705 0.00625 0.012037037037037037
2 0.35208333333333336 0.25324074074074077 0.013541666666666667 0.03796296296296296
2 0.65078125 0.2490740740740741 0.008854166666666666 0.046296296296296294
2 0.45416666666666666 0.23657407407407408 0.014583333333333334 0.03981481481481482
2 0.5294270833333333 0.29074074074074074 0.0109375 0.05185185185185185
2 0.6231770833333333 0.2523148148148148 0.009895833333333333 0.04537037037037037
3 0.45286458333333335 0.3388888888888889 0.0140625 0.053703703703703705
2 0.24244791666666668 0.2962962962962963 0.0140625 0.05185185185185185
2 0.346875 0.30416666666666664 0.0125 0.05462962962962963
2 0.3619791666666667 0.33564814814814814 0.013541666666666667 0.04722222222222222
2 0.6622395833333333 0.26990740740740743 0.011979166666666667 0.049074074074074076
2 0.728125 0.3189814814814815 0.013541666666666667 0.06018518518518518
2 0.30859375 0.31805555555555554 0.015104166666666667 0.05462962962962963
2 0.5966145833333333 0.33287037037037037 0.0140625 0.05277777777777778
2 0.4171875 0.3435185185185185 0.017708333333333333 0.05555555555555555
2 0.6997395833333333 0.4393518518518518 0.022395833333333334 0.06944444444444445
2 0.22317708333333333 0.525 0.019270833333333334 0.07222222222222222
2 0.43922916666666667 0.29786111111111113 0.014765624999999952 0.052472222222222184