3 0.7828541666666666 0.22962962962962963 0.009375 0.046296296296296294
2 0.6625 0.2833333333333333 0.017708333333333333 0.040740740740740744
2 0.6919270833333333 0.28055555555555556 0.013020833333333334 0.044444444444444446
2 0.5393229166666667 0.23287037037037037 0.011979166666666667 0.041666666666666664
2 0.4005208333333333 0.2439814814814815 0.009375 0.04537037037037037
2 0.6375 0.23981481481481481 0.015625 0.03888888888888889
2 0.45416666666666666 0.26851851851851855 0.013541666666666667 0.04814814814814815
2 0.37604166666666666 0.24351851851851852 0.013541666666666667 0.04259259259259259
2 0.23046875 0.4013888888888889 0.018229166666666668 0.062037037037037036
2 0.64453125 0.28055555555555556 0.011979166666666667 0.04814814814814815
2 0.32760416666666664 0.2967592592592593 0.009375 0.05648148148148148
2 0.4192708333333333 0.25925925925925924 0.010416666666666666 0.05
3 0.5802083333333333 0.31999074074074074 0.013541666666666667 0.05648148148148148
2 0.6721354166666667 0.3148148148148148 0.015104166666666667 0.05
2 0.47994791666666664 0.2851851851851852 0.0140625 0.05
2 0.8208333333333333 0.3773148148148148 0.020833333333333332 0.05648148148148148
2 0.5440104166666667 0.30277777777777776 0.015104166666666667 0.053703703703703705
2 0.5625 0.3138888888888889 0.013541666666666667 0.053703703703703705
2 0.7255208333333333 0.42777777777777776 0.025 0.06851851851851852
2 0.7489583333333333 0.44351851851851853 0.022916666666666665 0.06666666666666667
2 0.6798541666666668 0.27664814814814814 0.016260416666666562 0.04109259259259259
2 0.6697343749999999 0.2659444444444445 0.011838541666666676 0.04129629629629632