2 0.21484375 0.29814814814814816 0.009895833333333333 0.04259259259259259
3 0.6169270833333333 0.2574074074074074 0.0078125 0.037037037037037035
2 0.21223958333333334 0.3337962962962963 0.009895833333333333 0.04537037037037037
1 0.8497395833333333 0.35555555555555557 0.0109375 0.04814814814814815
2 0.634375 0.2902777777777778 0.010416666666666666 0.03611111111111111
2 0.25390625 0.3162037037037037 0.009895833333333333 0.041666666666666664
2 0.45755208333333336 0.3106481481481482 0.008854166666666666 0.04351851851851852
2 0.634375 0.32592592592592595 0.008333333333333333 0.046296296296296294
2 0.44192708333333336 0.33287037037037037 0.011979166666666667 0.04722222222222222
2 0.49583333333333335 0.2759259259259259 0.007291666666666667 0.037037037037037035
2 0.48203125 0.2949074074074074 0.009895833333333333 0.041666666666666664
2 0.35052083333333334 0.4134259259259259 0.009375 0.05277777777777778
2 0.15104166666666666 0.41064814814814815 0.0125 0.058333333333333334
2 0.1609375 0.3787037037037037 0.0125 0.05925925925925926
3 0.38046875 0.36898148148148147 0.0109375 0.05092592592592592
2 0.17395833333333333 0.38287037037037036 0.014583333333333334 0.06018518518518518
2 0.3028645833333333 0.37777777777777777 0.011979166666666667 0.05555555555555555
2 0.8658854166666666 0.4375 0.0109375 0.06574074074074074
2 0.5661458333333333 0.3592592592592593 0.010416666666666666 0.05185185185185185
2 0.13046875 0.562962962962963 0.0265625 0.07962962962962963
2 0.5328125 0.4083333333333333 0.010416666666666666 0.05925925925925926
2 0.08776041666666666 0.8175925925925925 0.021354166666666667 0.11481481481481481
3 0.030729166666666665 0.8717592592592592 0.027083333333333334 0.1287037037037037
2 0.6145833333333334 0.6041666666666666 0.019791666666666666 0.08796296296296297
0 0.85109375 0.39210185185185187 0.006427083333333409 0.011731481481481443