2 0.521875 0.30462962962962964 0.008333333333333333 0.044444444444444446
2 0.6018229166666667 0.28425925925925927 0.0078125 0.03888888888888889
2 0.57265625 0.26296296296296295 0.0078125 0.037037037037037035
2 0.44973958333333336 0.30648148148148147 0.009895833333333333 0.046296296296296294
0 0.4010416666666667 0.6546296296296297 0.010416666666666666 0.014814814814814815
2 0.3138020833333333 0.26990740740740743 0.008854166666666666 0.03611111111111111
2 0.5111979166666667 0.33611111111111114 0.008854166666666666 0.04814814814814815
2 0.6872395833333333 0.35648148148148145 0.0140625 0.053703703703703705
3 0.5658854166666667 0.34305555555555556 0.009895833333333333 0.049074074074074076
2 0.7583333333333333 0.4546296296296296 0.014583333333333334 0.05185185185185185
2 0.6369791666666667 0.4634259259259259 0.013541666666666667 0.04722222222222222
2 0.6575520833333334 0.3384259259259259 0.016145833333333335 0.05092592592592592
2 0.31328125 0.3907407407407407 0.011979166666666667 0.05925925925925926
1 0.9387291666666666 0.3282407407407407 0.0140625 0.05092592592592592
2 0.7940104166666667 0.524537037037037 0.019270833333333334 0.058333333333333334
2 0.4544270833333333 0.49722222222222223 0.013020833333333334 0.06666666666666667
2 0.58125 0.43472222222222223 0.021875 0.05648148148148148
2 0.3932291666666667 0.39814814814814814 0.019791666666666666 0.05925925925925926
2 0.7263020833333333 0.5592592592592592 0.0171875 0.06851851851851852
2 0.22135416666666666 0.3537037037037037 0.011458333333333333 0.053703703703703705
2 0.1671875 0.5064814814814815 0.017708333333333333 0.07037037037037037
3 0.9545572916666667 0.6703703703703704 0.030729166666666665 0.09444444444444444
2 0.48723958333333334 0.6652777777777777 0.03697916666666667 0.0824074074074074
3 0.2686458333333333 0.23925 0.008744791666666647 0.04125925925925921
2 0.6254479166666667 0.3125 0.012807291666666743 0.04415740740740746