2 0.6833333333333333 0.29583333333333334 0.009375 0.03981481481481482
2 0.6706875 0.31187037037037035 0.015921875000000085 0.042249999999999996
3 0.6447916666666667 0.32222222222222224 0.007291666666666667 0.04814814814814815
2 0.70625 0.31805555555555554 0.013541666666666667 0.04351851851851852
2 0.7697916666666667 0.35185185185185186 0.014583333333333334 0.05
2 0.6265625 0.33287037037037037 0.010416666666666666 0.049074074074074076
2 0.58359375 0.2912037037037037 0.013020833333333334 0.04351851851851852
2 0.7208333333333333 0.3439814814814815 0.0125 0.049074074074074076
2 0.34296875 0.3537037037037037 0.009895833333333333 0.05185185185185185
2 0.6619791666666667 0.3625 0.015625 0.05092592592592592
2 0.4622395833333333 0.29583333333333334 0.0078125 0.041666666666666664
2 0.49244791666666665 0.3398148148148148 0.008854166666666666 0.04814814814814815
2 0.78359375 0.3685185185185185 0.016145833333333335 0.046296296296296294
2 0.6049479166666667 0.4263888888888889 0.015104166666666667 0.06018518518518518
2 0.24114583333333334 0.39351851851851855 0.016666666666666666 0.05925925925925926
2 0.42682291666666666 0.7689814814814815 0.024479166666666666 0.10277777777777777
2 0.25494791666666666 0.43842592592592594 0.0140625 0.062037037037037036
2 0.2908854166666667 0.4648148148148148 0.021354166666666667 0.06296296296296296
2 0.3885416666666667 0.7773148148148148 0.022916666666666665 0.10648148148148148
2 0.6208333333333333 0.5393518518518519 0.026041666666666668 0.07314814814814814
2 0.765625 0.46944444444444444 0.017708333333333333 0.06296296296296296
2 0.8263020833333333 0.3907407407407407 0.0171875 0.053703703703703705
3 0.298484375 0.25953703703703707 0.011052083333333348 0.037462962962962996
2 0.6078177083333334 0.2530925925925926 0.009953125000000066 0.039879629629629675
0 0.7168125 0.36212962962962963 0.004796875000000019 0.010842592592592626