2 0.44420833333333337 0.2851851851851852 0.012374999999999995 0.030851851851851898
2 0.453125 0.3 0.009375 0.03333333333333333
2 0.29609375 0.3106481481481482 0.008854166666666666 0.03796296296296296
1 0.04192708333333333 0.3449074074074074 0.0109375 0.03611111111111111
2 0.2682291666666667 0.36898148148148147 0.011458333333333333 0.03981481481481482
2 0.30234375 0.350462962962963 0.0109375 0.04351851851851852
2 0.2791666666666667 0.32592592592592595 0.009375 0.04259259259259259
3 0.41015625 0.3292407407407407 0.0078125 0.041666666666666664
2 0.3932291666666667 0.34444444444444444 0.0125 0.044444444444444446
2 0.53515625 0.3592592592592593 0.008854166666666666 0.046296296296296294
2 0.5692708333333333 0.31342592592592594 0.013541666666666667 0.03611111111111111
2 0.6721354166666667 0.3662037037037037 0.009895833333333333 0.05092592592592592
2 0.19270833333333334 0.3875 0.009375 0.04722222222222222
2 0.23567708333333334 0.3509259259259259 0.008854166666666666 0.04814814814814815
2 0.3736979166666667 0.37546296296296294 0.009895833333333333 0.049074074074074076
2 0.7213541666666666 0.40185185185185185 0.013541666666666667 0.05740740740740741
2 0.6346354166666667 0.4375 0.011979166666666667 0.05648148148148148
2 0.6986979166666667 0.4476851851851852 0.0109375 0.05648148148148148
2 0.2109375 0.4564814814814815 0.013541666666666667 0.05740740740740741
2 0.4359375 0.4125 0.0125 0.05277777777777778
2 0.3567708333333333 0.5055555555555555 0.017708333333333333 0.06111111111111111
2 0.63515625 0.7569444444444444 0.022395833333333334 0.10092592592592593
2 0.6643229166666667 0.7652777777777777 0.021354166666666667 0.10277777777777777
3 0.6998541666666667 0.2784537037037037 0.009322916666666714 0.04064814814814813
2 0.3041770833333333 0.32216666666666666 0.010885416666666713 0.03798148148148146