3 0.6588541666666666 0.2523148148148148 0.010416666666666666 0.04722222222222222
2 0.5520833333333334 0.2662037037037037 0.0125 0.041666666666666664
2 0.15755208333333334 0.35185185185185186 0.008854166666666666 0.05925925925925926
2 0.1890625 0.3236111111111111 0.009375 0.05277777777777778
2 0.2981770833333333 0.3013888888888889 0.009895833333333333 0.04722222222222222
2 0.16041666666666668 0.3138888888888889 0.013541666666666667 0.05
2 0.48463541666666665 0.3060185185185185 0.008854166666666666 0.05092592592592592
2 0.5260416666666666 0.2833333333333333 0.011458333333333333 0.044444444444444446
2 0.6971354166666667 0.2861111111111111 0.0078125 0.05
2 0.10989583333333333 0.575925925925926 0.01875 0.09259259259259259
2 0.625 0.34120370370370373 0.014583333333333334 0.058333333333333334
2 0.15052083333333333 0.39814814814814814 0.011458333333333333 0.06666666666666667
2 0.2669270833333333 0.3819444444444444 0.016145833333333335 0.06388888888888888
2 0.4270833333333333 0.3175925925925926 0.010416666666666666 0.05185185185185185
2 0.17526041666666667 0.3527777777777778 0.013020833333333334 0.06851851851851852
1 0.9546875 0.3528703703703704 0.015625 0.06111111111111111
2 0.3419270833333333 0.39537037037037037 0.0140625 0.05555555555555555
2 0.6096354166666667 0.37407407407407406 0.013020833333333334 0.06111111111111111
3 0.3255208333333333 0.3592592592592593 0.014583333333333334 0.05740740740740741
2 0.6221354166666667 0.4064814814814815 0.013020833333333334 0.06666666666666667
2 0.9078125 0.41805555555555557 0.021875 0.06759259259259259
3 0.017447916666666667 0.9444444444444444 0.0296875 0.10925925925925926
2 0.8158854166666667 0.6847222222222222 0.030729166666666665 0.10462962962962963
2 0.18203125 0.7384259259259259 0.024479166666666666 0.11388888888888889
0 0.5692604166666667 0.28498148148148145 0.0050416666666665815 0.009851851851851839