2 0.5494791666666666 0.24583333333333332 0.009375 0.032407407407407406
2 0.6033854166666667 0.2861111111111111 0.0078125 0.03888888888888889
2 0.34765625 0.2875 0.013020833333333334 0.03981481481481482
2 0.6447916666666667 0.3236111111111111 0.009375 0.049074074074074076
2 0.39791666666666664 0.31712962962962965 0.0125 0.04722222222222222
2 0.4875 0.33240740740740743 0.010416666666666666 0.04814814814814815
3 0.5255208333333333 0.3597222222222222 0.011458333333333333 0.05277777777777778
0 0.36223958333333334 0.625462962962963 0.0078125 0.013888888888888888
2 0.7651041666666667 0.4305555555555556 0.020833333333333332 0.053703703703703705
2 0.5145833333333333 0.5222222222222223 0.013541666666666667 0.05555555555555555
2 0.6690104166666667 0.36342592592592593 0.018229166666666668 0.058333333333333334
2 0.29453125 0.48564814814814816 0.0171875 0.06944444444444445
2 0.57578125 0.38842592592592595 0.0140625 0.062037037037037036
2 0.08671875 0.5430555555555555 0.0265625 0.075
2 0.28411458333333334 0.4824074074074074 0.0140625 0.07222222222222222
2 0.4622395833333333 0.6680555555555555 0.019270833333333334 0.09907407407407408
2 0.5794270833333334 0.4546296296296296 0.0234375 0.05185185185185185
1 0.9479166666666666 0.3300925925925926 0.016666666666666666 0.05092592592592592
2 0.60078125 0.3912037037037037 0.016145833333333335 0.058333333333333334
2 0.184375 0.3476851851851852 0.015625 0.05462962962962963
2 0.7505208333333333 0.5157407407407407 0.023958333333333335 0.06666666666666667
2 0.72421875 0.5365740740740741 0.0203125 0.08055555555555556
3 0.23064583333333333 0.2445 0.010380208333333307 0.04024074074074077