3 0.3411458333333333 0.2523148148148148 0.010416666666666666 0.04722222222222222
2 0.4479166666666667 0.2662037037037037 0.0125 0.041666666666666664
2 0.8424479166666666 0.35185185185185186 0.008854166666666666 0.05925925925925926
2 0.8109375 0.3236111111111111 0.009375 0.05277777777777778
2 0.7018229166666666 0.3013888888888889 0.009895833333333333 0.04722222222222222
2 0.8395833333333333 0.3138888888888889 0.013541666666666667 0.05
2 0.5153645833333333 0.3060185185185185 0.008854166666666666 0.05092592592592592
2 0.4739583333333333 0.2833333333333333 0.011458333333333333 0.044444444444444446
2 0.3028645833333333 0.2861111111111111 0.0078125 0.05
2 0.8901041666666667 0.575925925925926 0.01875 0.09259259259259259
2 0.375 0.34120370370370373 0.014583333333333334 0.058333333333333334
2 0.8494791666666667 0.39814814814814814 0.011458333333333333 0.06666666666666667
2 0.7330729166666666 0.3819444444444444 0.016145833333333335 0.06388888888888888
2 0.5729166666666666 0.3175925925925926 0.010416666666666666 0.05185185185185185
2 0.8247395833333333 0.3527777777777778 0.013020833333333334 0.06851851851851852
1 0.0453125 0.3528703703703704 0.015625 0.06111111111111111
2 0.6580729166666667 0.39537037037037037 0.0140625 0.05555555555555555
2 0.39036458333333335 0.37407407407407406 0.013020833333333334 0.06111111111111111
3 0.6744791666666666 0.3592592592592593 0.014583333333333334 0.05740740740740741
2 0.37786458333333334 0.4064814814814815 0.013020833333333334 0.06666666666666667
2 0.0921875 0.41805555555555557 0.021875 0.06759259259259259
3 0.9825520833333333 0.9444444444444444 0.0296875 0.10925925925925926
2 0.18411458333333333 0.6847222222222222 0.030729166666666665 0.10462962962962963
2 0.81796875 0.7384259259259259 0.024479166666666666 0.11388888888888889
0 0.43073958333333334 0.28498148148148145 0.0050416666666666995 0.009851851851851839