0 0.20755208333333333 0.5194444444444445 0.005729166666666666 0.011111111111111112
2 0.646875 0.2967592592592593 0.008333333333333333 0.04351851851851852
3 0.28684895833333335 0.25833333333333336 0.011458333333333333 0.03518518518518519
2 0.6419270833333334 0.2574074074074074 0.0078125 0.040740740740740744
2 0.5463541666666667 0.3226851851851852 0.009375 0.05277777777777778
2 0.7888020833333333 0.49675925925925923 0.009895833333333333 0.07314814814814814
2 0.5518229166666667 0.33425925925925926 0.0078125 0.05
2 0.4466145833333333 0.2796296296296296 0.009895833333333333 0.044444444444444446
2 0.6940104166666666 0.3398148148148148 0.008854166666666666 0.053703703703703705
2 0.63046875 0.36203703703703705 0.0109375 0.053703703703703705
2 0.6091145833333333 0.37175925925925923 0.011979166666666667 0.058333333333333334
2 0.6684895833333333 0.3625 0.0109375 0.062037037037037036
2 0.17317708333333334 0.49675925925925923 0.028645833333333332 0.06574074074074074
3 0.58671875 0.4046296296296296 0.011979166666666667 0.06111111111111111
2 0.7567708333333333 0.44166666666666665 0.014583333333333334 0.06666666666666667
2 0.43125 0.4550925925925926 0.0125 0.0712962962962963
2 0.30963541666666666 0.34629629629629627 0.013020833333333334 0.05555555555555555
2 0.6268229166666667 0.45601851851851855 0.0140625 0.06388888888888888
2 0.7809895833333333 0.5078703703703704 0.0140625 0.075
2 0.8046875 0.42962962962962964 0.015625 0.07037037037037037
2 0.5020833333333333 0.43842592592592594 0.013541666666666667 0.0712962962962963
2 0.5440104166666667 0.5402777777777777 0.015104166666666667 0.08611111111111111
2 0.2942708333333333 0.725925925925926 0.025 0.10740740740740741