2 0.44765625 0.2847222222222222 0.0109375 0.03981481481481482
3 0.41280729166666663 0.3212962962962963 0.013020833333333334 0.046296296296296294
2 0.2557291666666667 0.2972222222222222 0.0125 0.03888888888888889
2 0.37083333333333335 0.26435185185185184 0.011458333333333333 0.032407407407407406
2 0.5661458333333333 0.27546296296296297 0.008333333333333333 0.03981481481481482
2 0.35260416666666666 0.3282407407407407 0.008333333333333333 0.03981481481481482
2 0.534375 0.2564814814814815 0.009375 0.03518518518518519
2 0.31536458333333334 0.3013888888888889 0.009895833333333333 0.041666666666666664
2 0.5611979166666666 0.3013888888888889 0.0140625 0.03796296296296296
2 0.49947916666666664 0.2722222222222222 0.011458333333333333 0.037037037037037035
2 0.47942708333333334 0.2796296296296296 0.009895833333333333 0.040740740740740744
2 0.21666666666666667 0.30925925925925923 0.015625 0.04814814814814815
1 0.8776041666666666 0.30185185185185187 0.010416666666666666 0.044444444444444446
3 0.008072916666666667 0.8291666666666667 0.016145833333333335 0.09907407407407408
2 0.18489583333333334 0.31342592592592594 0.011458333333333333 0.049074074074074076
2 0.7270833333333333 0.2916666666666667 0.010416666666666666 0.044444444444444446
2 0.17942708333333332 0.3587962962962963 0.011979166666666667 0.05092592592592592
2 0.4817708333333333 0.35324074074074074 0.008333333333333333 0.05277777777777778
2 0.7315104166666667 0.350462962962963 0.013020833333333334 0.05092592592592592
2 0.4075520833333333 0.3768518518518518 0.0140625 0.05740740740740741
2 0.3497395833333333 0.3976851851851852 0.015104166666666667 0.049074074074074076
2 0.6760416666666667 0.45231481481481484 0.013541666666666667 0.06574074074074074
3 0.63496875 0.23588888888888887 0.009369791666666552 0.036203703703703724
0 0.5661510416666666 0.31696296296296295 0.005687500000000038 0.012046296296296288
2 0.35336979166666665 0.2708611111111111 0.010453124999999968 0.03952777777777783