0 0.18932291666666667 0.5944444444444444 0.005729166666666666 0.011111111111111112
3 0.008854166666666666 0.7092592592592593 0.017708333333333333 0.06851851851851852
2 0.2203125 0.5671296296296297 0.025 0.026851851851851852
1 0.16848958333333333 0.4300925925925926 0.018229166666666668 0.041666666666666664
2 0.34140625 0.48657407407407405 0.0140625 0.04537037037037037
2 0.16354166666666667 0.5833333333333334 0.016666666666666666 0.04259259259259259
2 0.19713541666666667 0.525 0.015104166666666667 0.05185185185185185
2 0.2565104166666667 0.5527777777777778 0.013020833333333334 0.046296296296296294
2 0.47317708333333336 0.46805555555555556 0.009895833333333333 0.04722222222222222
3 0.4049479166666667 0.5046296296296297 0.0078125 0.05
2 0.3372395833333333 0.4199074074074074 0.013020833333333334 0.04351851851851852
2 0.14791666666666667 0.5745370370370371 0.013541666666666667 0.05277777777777778
2 0.6669270833333333 0.4212962962962963 0.011979166666666667 0.04259259259259259
2 0.2825520833333333 0.4685185185185185 0.011979166666666667 0.04814814814814815
2 0.30104166666666665 0.5476851851851852 0.0125 0.049074074074074076
2 0.44166666666666665 0.538425925925926 0.009375 0.05648148148148148
2 0.3984375 0.412962962962963 0.013541666666666667 0.040740740740740744
2 0.3651041666666667 0.6023148148148149 0.010416666666666666 0.062037037037037036
2 0.41953125 0.6546296296296297 0.013020833333333334 0.06666666666666667
2 0.22213541666666667 0.6125 0.013020833333333334 0.06018518518518518
2 0.51328125 0.5611111111111111 0.0109375 0.06111111111111111
2 0.6442708333333333 0.6425925925925926 0.015625 0.06851851851851852
2 0.67421875 0.6324074074074074 0.018229166666666668 0.06111111111111111
2 0.84375 0.5416666666666666 0.011458333333333333 0.05555555555555555
3 0.8550156250000001 0.3456388888888889 0.0089114583333334 0.036768518518518555