2 0.7026041666666667 0.4537037037037037 0.009375 0.05
2 0.7026041666666667 0.40370370370370373 0.014583333333333334 0.05185185185185185
1 0.7544270833333333 0.4148148148148148 0.0140625 0.05
2 0.6838541666666667 0.3972222222222222 0.014583333333333334 0.05185185185185185
0 0.7546875 0.6407407407407407 0.007291666666666667 0.011111111111111112
2 0.709375 0.46944444444444444 0.0125 0.05925925925925926
2 0.5692708333333333 0.46574074074074073 0.0125 0.05185185185185185
2 0.8953125 0.5314814814814814 0.014583333333333334 0.05185185185185185
2 0.6635416666666667 0.4425925925925926 0.011458333333333333 0.05185185185185185
2 0.8049479166666667 0.5189814814814815 0.011979166666666667 0.058333333333333334
2 0.7416666666666667 0.575 0.015625 0.05740740740740741
2 0.7856770833333333 0.4648148148148148 0.011979166666666667 0.05555555555555555
2 0.5958333333333333 0.4351851851851852 0.013541666666666667 0.05
2 0.57890625 0.41388888888888886 0.011979166666666667 0.05
2 0.8705729166666667 0.5254629629629629 0.0140625 0.05648148148148148
3 0.4984375 0.47824074074074074 0.011458333333333333 0.05648148148148148
2 0.57734375 0.5111111111111111 0.0140625 0.05185185185185185
2 0.36614583333333334 0.43472222222222223 0.014583333333333334 0.05277777777777778
2 0.734375 0.612037037037037 0.025 0.05555555555555555
2 0.6752604166666667 0.6268518518518519 0.0203125 0.06111111111111111
2 0.14765625 0.5101851851851852 0.015104166666666667 0.05555555555555555
2 0.18776041666666668 0.6046296296296296 0.0171875 0.06296296296296296
2 0.23567708333333334 0.5861111111111111 0.015104166666666667 0.05925925925925926