2 0.7518229166666667 0.4930555555555556 0.0109375 0.04722222222222222
2 0.6388020833333333 0.34305555555555556 0.015104166666666667 0.03796296296296296
2 0.525 0.362962962962963 0.017708333333333333 0.03518518518518519
3 0.5400729166666667 0.4777777777777778 0.020765624999999944 0.053703703703703705
2 0.43515625 0.4101851851851852 0.015104166666666667 0.044444444444444446
2 0.8372395833333334 0.4101851851851852 0.016145833333333335 0.04814814814814815
2 0.7643229166666666 0.5199074074074074 0.022395833333333334 0.058333333333333334
2 0.49296875 0.40879629629629627 0.018229166666666668 0.041666666666666664
2 0.8705729166666667 0.4671296296296296 0.018229166666666668 0.04537037037037037
2 0.60234375 0.4634259259259259 0.011979166666666667 0.049074074074074076
2 0.43645833333333334 0.4736111111111111 0.01875 0.049074074074074076
2 0.7794270833333333 0.46805555555555556 0.016145833333333335 0.058333333333333334
2 0.38359375 0.5842592592592593 0.016145833333333335 0.06296296296296296
2 0.5708333333333333 0.5842592592592593 0.016666666666666666 0.06666666666666667
2 0.6729166666666667 0.7175925925925926 0.016666666666666666 0.07777777777777778
2 0.33151041666666664 0.6226851851851852 0.021354166666666667 0.06944444444444445
2 0.21015625 0.44074074074074077 0.0140625 0.053703703703703705
2 0.8325520833333333 0.6782407407407407 0.0203125 0.0712962962962963
2 0.30807291666666664 0.4898148148148148 0.0234375 0.05555555555555555
2 0.17135416666666667 0.5449074074074074 0.019791666666666666 0.062037037037037036
2 0.23359375 0.7296296296296296 0.025520833333333333 0.07407407407407407
0 0.49456770833333336 0.37575925925925924 0.004385416666666705 0.009305555555555513
3 0.29682291666666666 0.33675 0.01417187500000002 0.03943518518518521