2 0.43333333333333335 0.4203703703703704 0.010416666666666666 0.040740740740740744
2 0.43307291666666664 0.45694444444444443 0.011979166666666667 0.04537037037037037
2 0.6330729166666667 0.4976851851851852 0.0203125 0.062037037037037036
2 0.2942708333333333 0.3560185185185185 0.010416666666666666 0.04351851851851852
3 0.5446145833333332 0.5445648148148148 0.021244791666666648 0.06320370370370369
2 0.6473958333333333 0.46805555555555556 0.01875 0.058333333333333334
2 0.6015625 0.4986111111111111 0.015625 0.058333333333333334
2 0.38515625 0.3861111111111111 0.011979166666666667 0.044444444444444446
2 0.54609375 0.399537037037037 0.011979166666666667 0.04537037037037037
2 0.16223958333333333 0.4305555555555556 0.013020833333333334 0.05185185185185185
2 0.584375 0.5069444444444444 0.023958333333333335 0.062037037037037036
2 0.6760416666666667 0.687037037037037 0.01875 0.07407407407407407
2 0.41067708333333336 0.4828703703703704 0.013020833333333334 0.05648148148148148
1 0.959375 0.44537037037037036 0.020833333333333332 0.05740740740740741
2 0.32265625 0.5337962962962963 0.018229166666666668 0.06388888888888888
2 0.6825520833333333 0.5027777777777778 0.019270833333333334 0.05740740740740741
2 0.38203125 0.5912037037037037 0.013020833333333334 0.06759259259259259
2 0.6690104166666667 0.5782407407407407 0.025520833333333333 0.06574074074074074
2 0.8252604166666667 0.8143518518518519 0.033854166666666664 0.0787037037037037
3 0.13697916666666668 0.9375 0.034375 0.10277777777777777
2 0.2565104166666667 0.6476851851851851 0.018229166666666668 0.0787037037037037
2 0.78359375 0.7898148148148149 0.0265625 0.07962962962962963
2 0.8565104166666667 0.6717592592592593 0.0265625 0.06944444444444445
3 0.5260833333333333 0.3084166666666666 0.01270833333333338 0.038703703703703664
0 0.7898333333333334 0.8079722222222222 0.00678124999999999 0.015592592592592517