0 0.6356770833333333 0.49907407407407406 0.008854166666666666 0.012962962962962963
2 0.20885416666666667 0.4736111111111111 0.009375 0.032407407407407406
2 0.418359375 0.37798148148148153 0.016927083333333332 0.0393055555555556
2 0.3866979166666667 0.32293518518518516 0.01410416666666663 0.037462962962962996
2 0.5026041666666666 0.43287037037037035 0.014583333333333334 0.049074074074074076
2 0.23541666666666666 0.425 0.01875 0.044444444444444446
2 0.47760416666666666 0.39675925925925926 0.011458333333333333 0.04351851851851852
2 0.18828125 0.4064814814814815 0.0203125 0.044444444444444446
2 0.21067708333333332 0.5083333333333333 0.013020833333333334 0.06111111111111111
3 0.3684895833333333 0.48009259259259257 0.0109375 0.05462962962962963
2 0.48828125 0.4685185185185185 0.0109375 0.05555555555555555
2 0.6783854166666666 0.4046296296296296 0.008854166666666666 0.04814814814814815
2 0.22552083333333334 0.47129629629629627 0.014583333333333334 0.053703703703703705
2 0.52265625 0.4615740740740741 0.0140625 0.05277777777777778
2 0.3875 0.4726851851851852 0.014583333333333334 0.05092592592592592
2 0.5390625 0.5439814814814815 0.013541666666666667 0.058333333333333334
2 0.3997395833333333 0.5606481481481481 0.011979166666666667 0.06388888888888888
2 0.19609375 0.6527777777777778 0.0171875 0.06851851851851852
2 0.7078125 0.5226851851851851 0.017708333333333333 0.05277777777777778
2 0.5403645833333334 0.5944444444444444 0.015104166666666667 0.06481481481481481
2 0.32786458333333335 0.6981481481481482 0.015104166666666667 0.07592592592592592
2 0.640625 0.774074074074074 0.028125 0.08333333333333333
3 0.6278854166666666 0.31121296296296297 0.009432291666666733 0.03957407407407408