2 0.24817708333333333 0.4930555555555556 0.0109375 0.04722222222222222
2 0.3611979166666667 0.34305555555555556 0.015104166666666667 0.03796296296296296
2 0.475 0.362962962962963 0.017708333333333333 0.03518518518518519
3 0.4599270833333333 0.4777777777777778 0.020765624999999944 0.053703703703703705
2 0.56484375 0.4101851851851852 0.015104166666666667 0.044444444444444446
2 0.16276041666666666 0.4101851851851852 0.016145833333333335 0.04814814814814815
2 0.23567708333333334 0.5199074074074074 0.022395833333333334 0.058333333333333334
2 0.50703125 0.40879629629629627 0.018229166666666668 0.041666666666666664
2 0.12942708333333333 0.4671296296296296 0.018229166666666668 0.04537037037037037
2 0.39765625 0.4634259259259259 0.011979166666666667 0.049074074074074076
2 0.5635416666666667 0.4736111111111111 0.01875 0.049074074074074076
2 0.22057291666666667 0.46805555555555556 0.016145833333333335 0.058333333333333334
2 0.61640625 0.5842592592592593 0.016145833333333335 0.06296296296296296
2 0.42916666666666664 0.5842592592592593 0.016666666666666666 0.06666666666666667
2 0.32708333333333334 0.7175925925925926 0.016666666666666666 0.07777777777777778
2 0.6684895833333333 0.6226851851851852 0.021354166666666667 0.06944444444444445
2 0.78984375 0.44074074074074077 0.0140625 0.053703703703703705
2 0.16744791666666667 0.6782407407407407 0.0203125 0.0712962962962963
2 0.6919270833333333 0.4898148148148148 0.0234375 0.05555555555555555
2 0.8286458333333333 0.5449074074074074 0.019791666666666666 0.062037037037037036
2 0.76640625 0.7296296296296296 0.025520833333333333 0.07407407407407407
0 0.5054322916666666 0.37575925925925924 0.004385416666666705 0.009305555555555513
3 0.7031770833333333 0.33675 0.01417187500000002 0.03943518518518521