0 0.18958333333333333 0.5462962962962963 0.005208333333333333 0.011111111111111112
2 0.38359375 0.40046296296296297 0.0067708333333333336 0.032407407407407406
2 0.45729166666666665 0.4356481481481482 0.008333333333333333 0.03425925925925926
2 0.546875 0.4412037037037037 0.009375 0.03796296296296296
2 0.44088541666666664 0.6518518518518519 0.013020833333333334 0.04814814814814815
3 0.5336406250000001 0.4996203703703704 0.0067708333333333336 0.04351851851851852
2 0.7278645833333334 0.46944444444444444 0.013020833333333334 0.03888888888888889
2 0.24401041666666667 0.4634259259259259 0.0109375 0.041666666666666664
1 0.034375 0.49953703703703706 0.008333333333333333 0.04722222222222222
2 0.61875 0.43796296296296294 0.008333333333333333 0.037037037037037035
2 0.4239583333333333 0.4685185185185185 0.007291666666666667 0.03888888888888889
2 0.8190104166666666 0.5314814814814814 0.0140625 0.046296296296296294
2 0.20104166666666667 0.5097222222222222 0.013541666666666667 0.04537037037037037
2 0.6802083333333333 0.47453703703703703 0.009375 0.041666666666666664
2 0.30104166666666665 0.5680555555555555 0.019791666666666666 0.03981481481481482
2 0.3109375 0.5074074074074074 0.009375 0.044444444444444446
2 0.7619791666666667 0.7759259259259259 0.015625 0.06851851851851852
2 0.73671875 0.6231481481481481 0.011979166666666667 0.053703703703703705
2 0.3484375 0.5157407407407407 0.009375 0.044444444444444446
2 0.5536458333333333 0.5879629629629629 0.009375 0.05
2 0.14557291666666666 0.562037037037037 0.009895833333333333 0.05
2 0.6247395833333333 0.5138888888888888 0.0140625 0.046296296296296294
2 0.7192708333333333 0.5416666666666666 0.007291666666666667 0.05
3 0.65759375 0.389212962962963 0.008697916666666573 0.03430555555555551