2 0.5908854166666667 0.36435185185185187 0.008854166666666666 0.03425925925925926
2 0.63203125 0.36236111111111113 0.013020833333333334 0.03836111111111107
2 0.19661458333333334 0.42777777777777776 0.011979166666666667 0.05
2 0.6127604166666667 0.3902777777777778 0.008854166666666666 0.04351851851851852
2 0.35859375 0.3675925925925926 0.015104166666666667 0.040740740740740744
2 0.14166666666666666 0.45601851851851855 0.0125 0.05092592592592592
2 0.41458333333333336 0.45231481481481484 0.009375 0.049074074074074076
2 0.21640625 0.6532407407407408 0.018229166666666668 0.06759259259259259
2 0.21510416666666668 0.47824074074074074 0.011458333333333333 0.058333333333333334
2 0.29296875 0.5013888888888889 0.015104166666666667 0.05277777777777778
3 0.5541666666666667 0.48009259259259257 0.013541666666666667 0.05277777777777778
2 0.26119791666666664 0.5287037037037037 0.016145833333333335 0.06111111111111111
2 0.7809895833333333 0.425462962962963 0.015104166666666667 0.049074074074074076
2 0.7627604166666667 0.5013888888888889 0.022395833333333334 0.058333333333333334
2 0.8200520833333333 0.5791666666666667 0.0171875 0.06018518518518518
2 0.43828125 0.5708333333333333 0.015104166666666667 0.06388888888888888
2 0.634375 0.44907407407407407 0.016666666666666666 0.05185185185185185
2 0.31927083333333334 0.6671296296296296 0.019791666666666666 0.075
2 0.75234375 0.5638888888888889 0.018229166666666668 0.06296296296296296
2 0.8140625 0.5 0.020833333333333332 0.05925925925925926
2 0.64453125 0.5592592592592592 0.019270833333333334 0.06296296296296296
3 0.6854791666666666 0.33689814814814817 0.010270833333333229 0.036787037037037056
0 0.6027604166666667 0.3791759259259259 0.004234375000000057 0.0084722222222222