3 0.5057291666666667 0.4976851851851852 0.013541666666666667 0.04722222222222222
2 0.3884270833333333 0.40879629629629627 0.011687500000000028 0.041666666666666664
2 0.7744791666666667 0.4212962962962963 0.017708333333333333 0.044444444444444446
2 0.7205729166666667 0.37916666666666665 0.0140625 0.03611111111111111
2 0.4901041666666667 0.5254629629629629 0.017708333333333333 0.058333333333333334
2 0.5380208333333333 0.4412037037037037 0.015625 0.04537037037037037
2 0.475 0.5652777777777778 0.013541666666666667 0.058333333333333334
2 0.33946875 0.5530185185185185 0.022104166666666696 0.061601851851851824
2 0.6690104166666667 0.44212962962962965 0.011979166666666667 0.04537037037037037
2 0.43020833333333336 0.47962962962962963 0.01875 0.05185185185185185
2 0.76484375 0.6314814814814815 0.022395833333333334 0.05925925925925926
2 0.6940104166666666 0.47314814814814815 0.0109375 0.05
2 0.7640625 0.6875 0.030208333333333334 0.075
2 0.7825520833333334 0.47314814814814815 0.0140625 0.053703703703703705
2 0.8973958333333333 0.5314814814814814 0.0125 0.06111111111111111
2 0.37604166666666666 0.5412037037037037 0.014583333333333334 0.05648148148148148
2 0.2078125 0.5333333333333333 0.013541666666666667 0.05925925925925926
2 0.8658854166666666 0.5138888888888888 0.016145833333333335 0.05555555555555555
2 0.08671875 0.49537037037037035 0.0171875 0.05185185185185185
2 0.24661458333333333 0.45555555555555555 0.018229166666666668 0.05185185185185185
2 0.5645833333333333 0.5388888888888889 0.019791666666666666 0.05740740740740741
0 0.6269947916666666 0.3798518518518519 0.005796875000000057 0.011120370370370362
3 0.30021875 0.34677777777777774 0.007281250000000009 0.03429629629629626