2 0.5767395833333333 0.3475462962962963 0.010770833333333249 0.03837962962962967
2 0.4822916666666667 0.3662037037037037 0.009375 0.03425925925925926
2 0.5994791666666667 0.36527777777777776 0.010416666666666666 0.03611111111111111
2 0.4901041666666667 0.36527777777777776 0.011458333333333333 0.03611111111111111
2 0.6348958333333333 0.387037037037037 0.0125 0.03518518518518519
2 0.26276041666666666 0.3787037037037037 0.0171875 0.04259259259259259
2 0.5361979166666667 0.38101851851851853 0.013020833333333334 0.03611111111111111
1 0.03558854166666667 0.4675925925925926 0.0109375 0.05185185185185185
2 0.7385416666666667 0.4046296296296296 0.013541666666666667 0.037037037037037035
2 0.45208333333333334 0.44537037037037036 0.009375 0.046296296296296294
2 0.584125 0.4384444444444444 0.012078125000000028 0.043629629629629636
2 0.6885416666666667 0.41898148148148145 0.011458333333333333 0.04351851851851852
2 0.47994791666666664 0.4564814814814815 0.011979166666666667 0.044444444444444446
2 0.3768229166666667 0.524074074074074 0.008854166666666666 0.053703703703703705
3 0.65234375 0.4337962962962963 0.016145833333333335 0.04537037037037037
2 0.7966145833333333 0.4439814814814815 0.0109375 0.04722222222222222
2 0.11223958333333334 0.6037037037037037 0.0171875 0.06111111111111111
2 0.60078125 0.6097222222222223 0.0203125 0.062037037037037036
2 0.2669270833333333 0.43287037037037035 0.015104166666666667 0.04351851851851852
3 0.82265625 0.8837962962962963 0.024479166666666666 0.08611111111111111
2 0.75078125 0.6365740740740741 0.011979166666666667 0.06388888888888888
2 0.7979166666666667 0.5518518518518518 0.014583333333333334 0.06111111111111111
3 0.336390625 0.3355092592592593 0.010661458333333347 0.03490740740740745
0 0.5835677083333334 0.38442592592592595 0.0069427083333332956 0.01186111111111106
2 0.5836406249999999 0.42346296296296293 0.011885416666666752 0.042481481481481474