2 0.6538906250000001 0.5781481481481481 0.013369791666666705 0.05060185185185194
2 0.26953125 0.5175925925925926 0.0109375 0.03518518518518519
2 0.47421875 0.4671296296296296 0.008854166666666666 0.041666666666666664
2 0.3609375 0.4462962962962963 0.009375 0.03333333333333333
2 0.6536458333333334 0.5851851851851851 0.01875 0.05555555555555555
2 0.5765625 0.4 0.010416666666666666 0.03333333333333333
2 0.31354166666666666 0.4634259259259259 0.009375 0.03796296296296296
2 0.4984375 0.4388888888888889 0.009375 0.03148148148148148
3 0.4864583333333333 0.513962962962963 0.009375 0.040740740740740744
2 0.8049479166666667 0.5199074074074074 0.0109375 0.03981481481481482
2 0.7270833333333333 0.45740740740740743 0.008333333333333333 0.03888888888888889
2 0.32473958333333336 0.4842592592592593 0.008854166666666666 0.04259259259259259
2 0.2708333333333333 0.5518518518518518 0.011458333333333333 0.05185185185185185
2 0.83828125 0.5564814814814815 0.015104166666666667 0.046296296296296294
2 0.5981770833333333 0.4740740740740741 0.009895833333333333 0.037037037037037035
2 0.403125 0.5222222222222223 0.011458333333333333 0.046296296296296294
1 0.9786458333333333 0.5064814814814815 0.013541666666666667 0.04814814814814815
2 0.6901041666666666 0.737037037037037 0.017708333333333333 0.05925925925925926
2 0.4796875 0.6189814814814815 0.009375 0.049074074074074076
2 0.28359375 0.8069444444444445 0.019270833333333334 0.07314814814814814
2 0.7875 0.5944444444444444 0.014583333333333334 0.04814814814814815
2 0.23619791666666667 0.6615740740740741 0.011979166666666667 0.05648148148148148
3 0.33859895833333337 0.3910462962962963 0.011359374999999972 0.03533333333333331
0 0.6450208333333334 0.6101018518518518 0.005552083333333258 0.010268518518518443