2 0.6369791666666667 0.5175925925925926 0.008333333333333333 0.04814814814814815
3 0.91015625 0.9384259259259259 0.022395833333333334 0.075
2 0.5255208333333333 0.43425925925925923 0.009375 0.03888888888888889
2 0.640625 0.5222222222222223 0.010416666666666666 0.05555555555555555
0 0.9807291666666667 0.37037037037037035 0.008333333333333333 0.012962962962962963
2 0.40286458333333336 0.45601851851851855 0.009895833333333333 0.04537037037037037
2 0.6341145833333334 0.4111111111111111 0.009895833333333333 0.046296296296296294
2 0.39088541666666665 0.44305555555555554 0.009895833333333333 0.04351851851851852
2 0.5721354166666667 0.8134259259259259 0.0140625 0.07685185185185185
2 0.5169270833333334 0.48009259259259257 0.009895833333333333 0.04537037037037037
3 0.4421875 0.5652777777777778 0.011458333333333333 0.062037037037037036
2 0.4375 0.5185185185185185 0.011458333333333333 0.053703703703703705
2 0.46953125 0.49444444444444446 0.0109375 0.04814814814814815
2 0.81796875 0.6324074074074074 0.015104166666666667 0.06666666666666667
2 0.34921875 0.4842592592592593 0.011979166666666667 0.053703703703703705
2 0.7018229166666666 0.4671296296296296 0.0109375 0.05277777777777778
2 0.23802083333333332 0.6347222222222222 0.0125 0.06759259259259259
2 0.3763020833333333 0.5680555555555555 0.013020833333333334 0.058333333333333334
2 0.58046875 0.6087962962962963 0.011979166666666667 0.06574074074074074
2 0.5700520833333333 0.6675925925925926 0.016145833333333335 0.06666666666666667
2 0.2942708333333333 0.5509259259259259 0.014583333333333334 0.05925925925925926
2 0.23567708333333334 0.7981481481481482 0.019270833333333334 0.08148148148148149
2 0.434375 0.7106481481481481 0.014583333333333334 0.06759259259259259
3 0.40452083333333333 0.37665740740740744 0.010958333333333315 0.04028703703703703
0 0.6332187499999999 0.43063888888888885 0.003739583333333248 0.008370370370370337