2 0.6083333333333333 0.6601851851851852 0.016666666666666666 0.022222222222222223
2 0.45571875 0.4412962962962963 0.007312499999999981 0.04000000000000004
2 0.38775 0.39911111111111114 0.008901041666666625 0.02546296296296296
2 0.4499791666666667 0.43616666666666665 0.007333333333333295 0.027666666666666662
2 0.60234375 0.6615740740740741 0.0171875 0.025
3 0.344203125 0.38887962962962963 0.007197916666666634 0.03387962962962966
3 0.8177083333333334 0.8912037037037037 0.013541666666666667 0.06944444444444445
2 0.39453125 0.4027777777777778 0.0078125 0.03148148148148148
2 0.4596822916666667 0.4220555555555556 0.011885416666666633 0.03671296296296294
2 0.5768229166666666 0.4125 0.0109375 0.030555555555555555
2 0.59296875 0.41712962962962963 0.011979166666666667 0.030555555555555555
2 0.38046875 0.44907407407407407 0.011979166666666667 0.03888888888888889
3 0.46927083333333336 0.47824074074074074 0.008333333333333333 0.04351851851851852
2 0.5989583333333334 0.6995370370370371 0.016666666666666666 0.06388888888888888
1 0.009114583333333334 0.49074074074074076 0.009895833333333333 0.044444444444444446
2 0.7111979166666667 0.4601851851851852 0.009895833333333333 0.044444444444444446
2 0.2752604166666667 0.42592592592592593 0.0109375 0.037037037037037035
2 0.47942708333333334 0.44305555555555554 0.008854166666666666 0.03796296296296296
2 0.2674479166666667 0.4930555555555556 0.009895833333333333 0.04537037037037037
2 0.5802083333333333 0.4935185185185185 0.009375 0.044444444444444446
2 0.5643229166666667 0.5833333333333334 0.016145833333333335 0.05
2 0.74609375 0.5046296296296297 0.0109375 0.046296296296296294
2 0.4510416666666667 0.5097222222222222 0.0125 0.04537037037037037
2 0.76484375 0.5041666666666667 0.013020833333333334 0.04722222222222222
2 0.28125 0.5291666666666667 0.0125 0.04722222222222222