2 0.788953125 0.3249814814814815 0.014364583333333295 0.04255555555555559
2 0.8502604166666666 0.4185185185185185 0.009895833333333333 0.05925925925925926
2 0.7796875 0.31157407407407406 0.011458333333333333 0.04537037037037037
2 0.6674479166666667 0.2375 0.0109375 0.03981481481481482
2 0.6 0.22685185185185186 0.017708333333333333 0.046296296296296294
2 0.68515625 0.2310185185185185 0.0078125 0.03796296296296296
1 0.9052083333333333 0.337037037037037 0.009375 0.05925925925925926
2 0.85546875 0.36574074074074076 0.009895833333333333 0.053703703703703705
2 0.5442708333333334 0.2490740740740741 0.011458333333333333 0.04259259259259259
2 0.6984375 0.2898148148148148 0.008333333333333333 0.053703703703703705
2 0.4010416666666667 0.2412037037037037 0.014583333333333334 0.041666666666666664
2 0.8145833333333333 0.31342592592592594 0.011458333333333333 0.05462962962962963
3 0.5799479166666667 0.27929629629629626 0.0109375 0.05092592592592592
2 0.76796875 0.3773148148148148 0.011979166666666667 0.06018518518518518
2 0.8869791666666667 0.38472222222222224 0.015625 0.06018518518518518
2 0.6828125 0.32731481481481484 0.016666666666666666 0.05648148148148148
2 0.5609375 0.4537037037037037 0.015625 0.06851851851851852
2 0.2716145833333333 0.3416666666666667 0.0109375 0.06296296296296296
2 0.24765625 0.3476851851851852 0.015104166666666667 0.06388888888888888
2 0.4901041666666667 0.3060185185185185 0.014583333333333334 0.05462962962962963
2 0.16119791666666666 0.3023148148148148 0.0109375 0.058333333333333334
0 0.5636302083333333 0.26725925925925925 0.004770833333333257 0.008842592592592551
2 0.66484375 0.22441666666666668 0.010854166666666743 0.04961111111111115