2 0.39895833333333336 0.34953703703703703 0.0125 0.05092592592592592
2 0.36666666666666664 0.387037037037037 0.017708333333333333 0.04259259259259259
1 0.25546875 0.4356481481481482 0.0140625 0.049074074074074076
2 0.2638020833333333 0.4587962962962963 0.0171875 0.06759259259259259
2 0.453125 0.37592592592592594 0.011458333333333333 0.05740740740740741
2 0.23723958333333334 0.4787037037037037 0.0140625 0.06111111111111111
2 0.48411458333333335 0.4824074074074074 0.016145833333333335 0.06481481481481481
2 0.32734375 0.4847222222222222 0.025520833333333333 0.06574074074074074
2 0.26901041666666664 0.5171296296296296 0.027604166666666666 0.0787037037037037
2 0.6403489583333334 0.38573148148148145 0.021322916666666695 0.06404629629629625
2 0.30416666666666664 0.4425925925925926 0.022916666666666665 0.05740740740740741
3 0.7479166666666667 0.3449074074074074 0.015625 0.062037037037037036
2 0.4203125 0.44722222222222224 0.016666666666666666 0.07222222222222222
2 0.5221354166666666 0.36898148148148147 0.0265625 0.06388888888888888
2 0.38046875 0.425462962962963 0.021354166666666667 0.06018518518518518
2 0.41848958333333336 0.4898148148148148 0.028645833333333332 0.06111111111111111
2 0.61953125 0.45925925925925926 0.011979166666666667 0.07592592592592592
2 0.7674479166666667 0.3300925925925926 0.015104166666666667 0.062037037037037036
2 0.5611979166666666 0.5203703703703704 0.016145833333333335 0.08148148148148149
2 0.27890625 0.562037037037037 0.0234375 0.0962962962962963
2 0.9153645833333334 0.5518518518518518 0.024479166666666666 0.08333333333333333
0 0.3909427083333333 0.3746111111111111 0.006598958333333372 0.009712962962962972