2 0.46145833333333336 0.38101851851851853 0.008333333333333333 0.03425925925925926
0 0.25494791666666666 0.5569444444444445 0.005729166666666666 0.010185185185185186
2 0.5708333333333333 0.3 0.007291666666666667 0.03333333333333333
2 0.46380208333333334 0.39861111111111114 0.009895833333333333 0.041666666666666664
2 0.43385416666666665 0.3351851851851852 0.007291666666666667 0.03518518518518519
2 0.5463541666666667 0.6027777777777777 0.016666666666666666 0.05185185185185185
2 0.5877604166666667 0.3541666666666667 0.0078125 0.03796296296296296
2 0.4947916666666667 0.37453703703703706 0.008333333333333333 0.04351851851851852
2 0.6036458333333333 0.4356481481481482 0.010416666666666666 0.04537037037037037
2 0.6205729166666667 0.40370370370370373 0.008854166666666666 0.04259259259259259
2 0.7419270833333333 0.5444444444444444 0.0109375 0.04814814814814815
1 0.9248802083333333 0.41388888888888886 0.0125 0.046296296296296294
2 0.5583333333333333 0.33564814814814814 0.008333333333333333 0.03796296296296296
2 0.66640625 0.4476851851851852 0.013020833333333334 0.04722222222222222
2 0.22473958333333333 0.3837962962962963 0.008854166666666666 0.041666666666666664
2 0.6450520833333333 0.41805555555555557 0.011979166666666667 0.04722222222222222
2 0.5255208333333333 0.4861111111111111 0.010416666666666666 0.05185185185185185
2 0.22526041666666666 0.46944444444444444 0.013020833333333334 0.04814814814814815
2 0.33619791666666665 0.47314814814814815 0.009895833333333333 0.05
3 0.4783854166666667 0.3976851851851852 0.013020833333333334 0.041666666666666664
2 0.23671875 0.562962962962963 0.015104166666666667 0.05740740740740741
2 0.8268229166666666 0.7305555555555555 0.019270833333333334 0.05925925925925926
3 0.9526041666666667 0.8578703703703704 0.029166666666666667 0.08425925925925926
3 0.2530625 0.29183333333333333 0.008624999999999971 0.03288888888888887
2 0.5122239583333333 0.28631481481481486 0.010229166666666718 0.03509259259259257