2 0.6074479166666666 0.17644444444444446 0.016354166666666715 0.03413888888888889
3 0.93359375 0.9810185185185185 0.0140625 0.03796296296296296
2 0.5403645833333334 0.23333333333333334 0.015104166666666667 0.037037037037037035
3 0.48463541666666665 0.16712962962962963 0.008854166666666666 0.030555555555555555
2 0.6958333333333333 0.2388888888888889 0.0125 0.03888888888888889
2 0.5497395833333333 0.23796296296296296 0.013020833333333334 0.044444444444444446
2 0.6411458333333333 0.21388888888888888 0.010416666666666666 0.040740740740740744
1 0.031510416666666666 0.33287037037037037 0.013020833333333334 0.058333333333333334
2 0.69296875 0.27037037037037037 0.016145833333333335 0.04814814814814815
2 0.5591145833333333 0.2763888888888889 0.0109375 0.05092592592592592
2 0.6653645833333334 0.2523148148148148 0.016145833333333335 0.04351851851851852
2 0.5278645833333333 0.28564814814814815 0.009895833333333333 0.05277777777777778
2 0.42994791666666665 0.274537037037037 0.0109375 0.05092592592592592
2 0.39427083333333335 0.33194444444444443 0.011458333333333333 0.062037037037037036
2 0.3609375 0.3425925925925926 0.011458333333333333 0.05925925925925926
2 0.559375 0.36203703703703705 0.0125 0.05925925925925926
2 0.7643229166666666 0.3087962962962963 0.011979166666666667 0.058333333333333334
3 0.5294270833333333 0.3597222222222222 0.011979166666666667 0.062037037037037036
2 0.34375 0.3972222222222222 0.013541666666666667 0.06666666666666667
2 0.5247395833333334 0.5143518518518518 0.016145833333333335 0.06944444444444445
2 0.42473958333333334 0.4300925925925926 0.013020833333333334 0.06388888888888888
2 0.8778645833333333 0.412962962962963 0.0171875 0.06666666666666667
2 0.2953125 0.45185185185185184 0.0125 0.06666666666666667
2 0.44192708333333336 0.6930555555555555 0.021354166666666667 0.09351851851851851
0 0.69134375 0.2573888888888889 0.004864583333333409 0.009166666666666646