2 0.7184895833333333 0.3731481481481482 0.011979166666666667 0.05555555555555555
2 0.5440104166666667 0.29074074074074074 0.0109375 0.04259259259259259
2 0.6921875 0.38657407407407407 0.011458333333333333 0.05462962962962963
2 0.8200520833333333 0.4787037037037037 0.015104166666666667 0.06851851851851852
2 0.5997395833333333 0.33194444444444443 0.0109375 0.05092592592592592
1 0.953125 0.4361111111111111 0.0125 0.06481481481481481
2 0.5020833333333333 0.29814814814814816 0.011458333333333333 0.046296296296296294
2 0.44244791666666666 0.3055555555555556 0.015104166666666667 0.05
2 0.474578125 0.393537037037037 0.014781250000000056 0.059000000000000025
2 0.91171875 0.47824074074074074 0.022395833333333334 0.06574074074074074
2 0.5559895833333334 0.48564814814814816 0.0203125 0.06759259259259259
2 0.4278645833333333 0.3763888888888889 0.0140625 0.062037037037037036
2 0.7361979166666667 0.4027777777777778 0.021354166666666667 0.06296296296296296
2 0.6401041666666667 0.4337962962962963 0.013541666666666667 0.06388888888888888
2 0.8260416666666667 0.4166666666666667 0.013541666666666667 0.06296296296296296
2 0.8075520833333333 0.5115740740740741 0.019270833333333334 0.06759259259259259
2 0.8921875 0.4652777777777778 0.017708333333333333 0.06574074074074074
3 0.44427083333333334 0.37175925925925923 0.0125 0.06388888888888888
2 0.08541666666666667 0.48148148148148145 0.016666666666666666 0.07037037037037037
2 0.6752604166666667 0.5254629629629629 0.021354166666666667 0.07685185185185185
2 0.41770833333333335 0.48009259259259257 0.020833333333333332 0.0712962962962963
0 0.5308958333333333 0.30576851851851855 0.0046718750000000146 0.009277777777777762
2 0.73828125 0.36764814814814817 0.014307291666666562 0.053046296296296265