2 0.5385416666666667 0.38101851851851853 0.008333333333333333 0.03425925925925926
0 0.7450520833333333 0.5569444444444445 0.005729166666666666 0.010185185185185186
2 0.42916666666666664 0.3 0.007291666666666667 0.03333333333333333
2 0.5361979166666667 0.39861111111111114 0.009895833333333333 0.041666666666666664
2 0.5661458333333333 0.3351851851851852 0.007291666666666667 0.03518518518518519
2 0.45364583333333336 0.6027777777777777 0.016666666666666666 0.05185185185185185
2 0.4122395833333333 0.3541666666666667 0.0078125 0.03796296296296296
2 0.5052083333333334 0.37453703703703706 0.008333333333333333 0.04351851851851852
2 0.3963541666666667 0.4356481481481482 0.010416666666666666 0.04537037037037037
2 0.37942708333333336 0.40370370370370373 0.008854166666666666 0.04259259259259259
2 0.25807291666666665 0.5444444444444444 0.0109375 0.04814814814814815
1 0.07511979166666667 0.41388888888888886 0.0125 0.046296296296296294
2 0.44166666666666665 0.33564814814814814 0.008333333333333333 0.03796296296296296
2 0.33359375 0.4476851851851852 0.013020833333333334 0.04722222222222222
2 0.7752604166666667 0.3837962962962963 0.008854166666666666 0.041666666666666664
2 0.35494791666666664 0.41805555555555557 0.011979166666666667 0.04722222222222222
2 0.4744791666666667 0.4861111111111111 0.010416666666666666 0.05185185185185185
2 0.7747395833333334 0.46944444444444444 0.013020833333333334 0.04814814814814815
2 0.6638020833333333 0.47314814814814815 0.009895833333333333 0.05
3 0.5216145833333333 0.3976851851851852 0.013020833333333334 0.041666666666666664
2 0.76328125 0.562962962962963 0.015104166666666667 0.05740740740740741
2 0.17317708333333334 0.7305555555555555 0.019270833333333334 0.05925925925925926
3 0.04739583333333333 0.8578703703703704 0.029166666666666667 0.08425925925925926
3 0.7469374999999999 0.29183333333333333 0.008624999999999971 0.03288888888888887
2 0.48777604166666666 0.28631481481481486 0.010229166666666718 0.03509259259259257