2 0.5955729166666667 0.17824074074074073 0.0109375 0.03981481481481482
3 0.9911458333333333 0.9768518518518519 0.014583333333333334 0.044444444444444446
2 0.3497395833333333 0.4564814814814815 0.019270833333333334 0.07222222222222222
2 0.37473958333333335 0.34305555555555556 0.0140625 0.058333333333333334
2 0.39375 0.29074074074074074 0.015625 0.05185185185185185
2 0.7127604166666667 0.35509259259259257 0.0140625 0.058333333333333334
2 0.5768229166666666 0.24027777777777778 0.0078125 0.04722222222222222
2 0.34296875 0.4027777777777778 0.015104166666666667 0.06296296296296296
2 0.78203125 0.2824074074074074 0.015104166666666667 0.05
3 0.4752604166666667 0.43425925925925923 0.013020833333333334 0.06851851851851852
2 0.2747395833333333 0.5555555555555556 0.019270833333333334 0.07777777777777778
2 0.46458333333333335 0.3509259259259259 0.011458333333333333 0.05555555555555555
2 0.6325520833333333 0.44675925925925924 0.018229166666666668 0.07314814814814814
2 0.3177083333333333 0.43472222222222223 0.014583333333333334 0.06388888888888888
2 0.6338541666666667 0.37453703703703706 0.013541666666666667 0.06018518518518518
2 0.5140625 0.31527777777777777 0.011458333333333333 0.05462962962962963
2 0.80625 0.48009259259259257 0.016666666666666666 0.07685185185185185
2 0.44635416666666666 0.3699074074074074 0.014583333333333334 0.06574074074074074
2 0.5080729166666667 0.5689814814814815 0.016145833333333335 0.0787037037037037
2 0.3921875 0.512962962962963 0.017708333333333333 0.07222222222222222
2 0.42864583333333334 0.8916666666666667 0.020833333333333332 0.12037037037037036
2 0.39542187500000003 0.27325925925925926 0.011276041666666714 0.049064814814814825
3 0.4720833333333333 0.15980555555555556 0.008989583333333329 0.040851851851851854
0 0.7457135416666667 0.3136851851851852 0.005411458333333267 0.011018518518518497