2 0.653125 0.33101851851851855 0.007291666666666667 0.03425925925925926
1 0.8013020833333333 0.34305555555555556 0.009895833333333333 0.03611111111111111
2 0.65859375 0.3453703703703704 0.0078125 0.03518518518518519
3 0.5799479166666667 0.2773148148148148 0.0067708333333333336 0.026851851851851852
2 0.55859375 0.3106481481481482 0.005729166666666666 0.028703703703703703
2 0.67265625 0.32685185185185184 0.0078125 0.037037037037037035
2 0.31588541666666664 0.3194444444444444 0.0078125 0.027777777777777776
2 0.49947916666666664 0.31712962962962965 0.007291666666666667 0.03425925925925926
2 0.703125 0.34629629629629627 0.0125 0.03888888888888889
2 0.6372395833333333 0.3541666666666667 0.008854166666666666 0.03611111111111111
2 0.6700520833333333 0.38101851851851853 0.013020833333333334 0.041666666666666664
2 0.6125 0.32731481481481484 0.008333333333333333 0.03981481481481482
2 0.50078125 0.3583055555555556 0.00809895833333331 0.042648148148148095
2 0.43515625 0.3226851851851852 0.0078125 0.03796296296296296
2 0.734375 0.3712962962962963 0.009375 0.044444444444444446
2 0.19973958333333333 0.3472222222222222 0.0078125 0.03888888888888889
2 0.23255208333333333 0.34074074074074073 0.011979166666666667 0.03518518518518519
2 0.18411458333333333 0.4550925925925926 0.011979166666666667 0.058333333333333334
2 0.20026041666666666 0.43796296296296294 0.011979166666666667 0.05740740740740741
2 0.13333333333333333 0.41203703703703703 0.0125 0.05185185185185185
3 0.03515625 0.8717592592592592 0.025520833333333333 0.11203703703703703
3 0.499484375 0.3422962962962963 0.017708333333333333 0.0396851851851852
2 0.5358697916666666 0.2886759259259259 0.011130208333333277 0.027824074074074032
2 0.5241822916666666 0.2962592592592592 0.009286458333333296 0.031583333333333345
0 0.5172552083333334 0.298787037037037 0.0046979166666666575 0.008046296296296346