1 0.21296354166666667 0.3388888888888889 0.008333333333333333 0.037037037037037035
2 0.43255208333333334 0.3125 0.008854166666666666 0.03611111111111111
2 0.43802083333333336 0.324537037037037 0.007291666666666667 0.028703703703703703
2 0.3458333333333333 0.3314814814814815 0.010416666666666666 0.03888888888888889
2 0.315625 0.33935185185185185 0.009375 0.03425925925925926
2 0.3515625 0.3587962962962963 0.010416666666666666 0.03796296296296296
2 0.41901041666666666 0.362962962962963 0.0109375 0.03888888888888889
2 0.7278645833333334 0.3435185185185185 0.0078125 0.03888888888888889
2 0.30052083333333335 0.34120370370370373 0.008333333333333333 0.03796296296296296
2 0.29010416666666666 0.3773148148148148 0.009375 0.041666666666666664
2 0.2786458333333333 0.3680555555555556 0.008333333333333333 0.041666666666666664
2 0.5888020833333333 0.3537037037037037 0.0109375 0.044444444444444446
2 0.49661458333333336 0.3398148148148148 0.0078125 0.037037037037037035
3 0.46927083333333336 0.36203703703703705 0.011458333333333333 0.040740740740740744
2 0.52890625 0.3662037037037037 0.008854166666666666 0.04351851851851852
2 0.8942708333333333 0.3819444444444444 0.007291666666666667 0.04537037037037037
2 0.85078125 0.36527777777777776 0.013020833333333334 0.041666666666666664
2 0.8997395833333334 0.44814814814814813 0.016145833333333335 0.05925925925925926
2 0.8598958333333333 0.46435185185185185 0.010416666666666666 0.06018518518518518
2 0.8645833333333334 0.4898148148148148 0.015625 0.06481481481481481
2 0.36700520833333333 0.3173425925925926 0.011328125 0.025287037037036986
2 0.376734375 0.31371296296296297 0.011895833333333291 0.031574074074074095
0 0.38272395833333334 0.32678703703703704 0.003260416666666662 0.006870370370370332
3 0.4378229166666667 0.2723611111111111 0.007000000000000029 0.027712962962962915