2 0.6041666666666666 0.4009259259259259 0.008333333333333333 0.04259259259259259
2 0.6247395833333333 0.4324074074074074 0.009895833333333333 0.040740740740740744
2 0.5960156249999999 0.40702777777777777 0.014213541666666647 0.041842592592592535
2 0.5234375 0.3398148148148148 0.010416666666666666 0.03333333333333333
2 0.3450520833333333 0.4101851851851852 0.008854166666666666 0.040740740740740744
2 0.5544270833333333 0.5402777777777777 0.0140625 0.05092592592592592
2 0.3346354166666667 0.4185185185185185 0.008854166666666666 0.03888888888888889
2 0.42109375 0.38842592592592595 0.009895833333333333 0.03796296296296296
2 0.5143229166666666 0.4212962962962963 0.009895833333333333 0.03888888888888889
2 0.6145833333333334 0.4375 0.010416666666666666 0.04722222222222222
2 0.36171875 0.5037037037037037 0.009895833333333333 0.05185185185185185
3 0.54140625 0.4685185185185185 0.008854166666666666 0.046296296296296294
2 0.27838541666666666 0.36342592592592593 0.008854166666666666 0.03796296296296296
2 0.44296875 0.3902777777777778 0.009895833333333333 0.03796296296296296
2 0.6565104166666667 0.4842592592592593 0.011979166666666667 0.05
1 0.9135416666666667 0.42083333333333334 0.014583333333333334 0.04722222222222222
2 0.5817708333333333 0.4981481481481482 0.017708333333333333 0.04814814814814815
3 0.011197916666666667 0.9092592592592592 0.022395833333333334 0.08148148148148149
2 0.7044270833333334 0.6583333333333333 0.013020833333333334 0.05925925925925926
2 0.35572916666666665 0.7037037037037037 0.014583333333333334 0.06851851851851852
2 0.15833333333333333 0.5074074074074074 0.011458333333333333 0.05
2 0.746875 0.8199074074074074 0.016666666666666666 0.0787037037037037
3 0.5615364583333334 0.2821296296296296 0.00774479166666661 0.02763888888888891
2 0.40675520833333334 0.3113518518518518 0.008130208333333281 0.03521296296296294