2 0.3958333333333333 0.4009259259259259 0.008333333333333333 0.04259259259259259
2 0.37526041666666665 0.4324074074074074 0.009895833333333333 0.040740740740740744
2 0.403984375 0.40702777777777777 0.014213541666666647 0.041842592592592535
2 0.4765625 0.3398148148148148 0.010416666666666666 0.03333333333333333
2 0.6549479166666666 0.4101851851851852 0.008854166666666666 0.040740740740740744
2 0.44557291666666665 0.5402777777777777 0.0140625 0.05092592592592592
2 0.6653645833333334 0.4185185185185185 0.008854166666666666 0.03888888888888889
2 0.57890625 0.38842592592592595 0.009895833333333333 0.03796296296296296
2 0.4856770833333333 0.4212962962962963 0.009895833333333333 0.03888888888888889
2 0.3854166666666667 0.4375 0.010416666666666666 0.04722222222222222
2 0.63828125 0.5037037037037037 0.009895833333333333 0.05185185185185185
3 0.45859375 0.4685185185185185 0.008854166666666666 0.046296296296296294
2 0.7216145833333333 0.36342592592592593 0.008854166666666666 0.03796296296296296
2 0.55703125 0.3902777777777778 0.009895833333333333 0.03796296296296296
2 0.34348958333333335 0.4842592592592593 0.011979166666666667 0.05
1 0.08645833333333333 0.42083333333333334 0.014583333333333334 0.04722222222222222
2 0.41822916666666665 0.4981481481481482 0.017708333333333333 0.04814814814814815
3 0.9888020833333333 0.9092592592592592 0.022395833333333334 0.08148148148148149
2 0.2955729166666667 0.6583333333333333 0.013020833333333334 0.05925925925925926
2 0.6442708333333333 0.7037037037037037 0.014583333333333334 0.06851851851851852
2 0.8416666666666667 0.5074074074074074 0.011458333333333333 0.05
2 0.253125 0.8199074074074074 0.016666666666666666 0.0787037037037037
3 0.4384635416666667 0.2821296296296296 0.00774479166666661 0.02763888888888891
2 0.5932447916666667 0.3113518518518518 0.008130208333333399 0.03521296296296294