2 0.26458333333333334 0.3449074074074074 0.007291666666666667 0.03611111111111111
2 0.41901041666666666 0.3226851851851852 0.0067708333333333336 0.03611111111111111
2 0.32864583333333336 0.35324074074074074 0.007291666666666667 0.03611111111111111
2 0.23072916666666668 0.37453703703703706 0.008333333333333333 0.041666666666666664
2 0.33307291666666666 0.3912037037037037 0.009895833333333333 0.03796296296296296
2 0.6973958333333333 0.3143518518518518 0.0125 0.03425925925925926
2 0.25442708333333336 0.36018518518518516 0.0109375 0.040740740740740744
2 0.48046875 0.5888888888888889 0.009895833333333333 0.053703703703703705
2 0.2755208333333333 0.45601851851851855 0.013541666666666667 0.04351851851851852
2 0.5505208333333333 0.4324074074074074 0.011458333333333333 0.04814814814814815
2 0.5408854166666667 0.3939814814814815 0.0078125 0.03981481481481482
2 0.30364583333333334 0.5171296296296296 0.010416666666666666 0.05462962962962963
2 0.21380208333333334 0.47314814814814815 0.009895833333333333 0.05185185185185185
1 0.8046458333333334 0.39537037037037037 0.014583333333333334 0.046296296296296294
3 0.37061979166666664 0.38657407407407407 0.0109375 0.04351851851851852
2 0.6955729166666667 0.4388888888888889 0.008854166666666666 0.04814814814814815
3 0.11171875 0.9388888888888889 0.027604166666666666 0.09074074074074075
2 0.2890625 0.600462962962963 0.016666666666666666 0.06388888888888888
2 0.2559895833333333 0.5712962962962963 0.016145833333333335 0.06111111111111111
2 0.88046875 0.538425925925926 0.0109375 0.06018518518518518
2 0.37265625 0.5675925925925925 0.0171875 0.05740740740740741
2 0.5643229166666667 0.8282407407407407 0.028645833333333332 0.075
0 0.7317239583333333 0.37962962962962965 0.005385416666666742 0.011601851851851827
3 0.6417395833333333 0.2540648148148148 0.00816666666666658 0.02926851851851853