2 0.8888020833333333 0.4875 0.009895833333333333 0.03981481481481482
2 0.878125 0.4888888888888889 0.0125 0.044444444444444446
2 0.434375 0.3819444444444444 0.008333333333333333 0.03425925925925926
3 0.5130208333333334 0.4593611111111111 0.008333333333333333 0.044444444444444446
2 0.6875 0.4263888888888889 0.008333333333333333 0.04351851851851852
2 0.5674479166666667 0.48842592592592593 0.009895833333333333 0.049074074074074076
2 0.60234375 0.41759259259259257 0.0078125 0.03888888888888889
2 0.19348958333333333 0.45601851851851855 0.0109375 0.03981481481481482
2 0.4440104166666667 0.42777777777777776 0.0109375 0.040740740740740744
2 0.6263020833333334 0.5111111111111111 0.0109375 0.05185185185185185
2 0.2942708333333333 0.4046296296296296 0.0125 0.037037037037037035
2 0.640625 0.5486111111111112 0.014583333333333334 0.05092592592592592
2 0.48671875 0.625 0.011979166666666667 0.05925925925925926
2 0.178125 0.8314814814814815 0.019791666666666666 0.08148148148148149
2 0.13307291666666668 0.5564814814814815 0.013020833333333334 0.05555555555555555
2 0.6489583333333333 0.649537037037037 0.011458333333333333 0.06018518518518518
2 0.5265625 0.6611111111111111 0.016666666666666666 0.06296296296296296
2 0.41770833333333335 0.5402777777777777 0.009375 0.05277777777777778
2 0.25416666666666665 0.5837962962962963 0.011458333333333333 0.05462962962962963
2 0.56015625 0.6712962962962963 0.0109375 0.05740740740740741
2 0.14895833333333333 0.7296296296296296 0.020833333333333332 0.07407407407407407
3 0.0816875 0.3534537037037037 0.008432291666666666 0.035157407407407436