2 0.19427083333333334 0.3023148148148148 0.009375 0.026851851851851852
2 0.28125 0.29907407407407405 0.007291666666666667 0.02962962962962963
2 0.59765625 0.40694444444444444 0.009895833333333333 0.04722222222222222
1 0.9791666666666666 0.43016666666666664 0.009375 0.049074074074074076
2 0.11571354166666671 0.42437037037037034 0.013718749999999986 0.043999999999999984
2 0.43828125 0.32407407407407407 0.0067708333333333336 0.03518518518518519
2 0.40078125 0.37453703703703706 0.0078125 0.03981481481481482
2 0.5942708333333333 0.5009259259259259 0.010416666666666666 0.05555555555555555
2 0.49505208333333334 0.4587962962962963 0.0078125 0.04722222222222222
2 0.31979166666666664 0.3597222222222222 0.011458333333333333 0.03796296296296296
2 0.37083333333333335 0.3712962962962963 0.009375 0.03888888888888889
2 0.59140625 0.36712962962962964 0.0078125 0.041666666666666664
3 0.38828125 0.4236111111111111 0.011979166666666667 0.04537037037037037
2 0.47317708333333336 0.47824074074074074 0.009895833333333333 0.05092592592592592
2 0.17760416666666667 0.5111111111111111 0.014583333333333334 0.05185185185185185
2 0.590625 0.5731481481481482 0.015625 0.05740740740740741
2 0.19765625 0.4203703703703704 0.013020833333333334 0.044444444444444446
2 0.44427083333333334 0.7060185185185185 0.013541666666666667 0.06574074074074074
2 0.40911458333333334 0.7078703703703704 0.0171875 0.06944444444444445
2 0.17604166666666668 0.6453703703703704 0.021875 0.06296296296296296
2 0.11940624999999999 0.41352777777777777 0.012390625000000011 0.04478703703703704
0 0.20329687499999996 0.31301851851851853 0.003109375000000014 0.006101851851851882
3 0.6003177083333334 0.2863888888888889 0.008140625000000058 0.030490740740740693