2 0.11119791666666666 0.4875 0.009895833333333333 0.03981481481481482
2 0.121875 0.4888888888888889 0.0125 0.044444444444444446
2 0.565625 0.3819444444444444 0.008333333333333333 0.03425925925925926
3 0.4869791666666667 0.4593611111111111 0.008333333333333333 0.044444444444444446
2 0.3125 0.4263888888888889 0.008333333333333333 0.04351851851851852
2 0.43255208333333334 0.48842592592592593 0.009895833333333333 0.049074074074074076
2 0.39765625 0.41759259259259257 0.0078125 0.03888888888888889
2 0.8065104166666667 0.45601851851851855 0.0109375 0.03981481481481482
2 0.5559895833333334 0.42777777777777776 0.0109375 0.040740740740740744
2 0.3736979166666667 0.5111111111111111 0.0109375 0.05185185185185185
2 0.7057291666666666 0.4046296296296296 0.0125 0.037037037037037035
2 0.359375 0.5486111111111112 0.014583333333333334 0.05092592592592592
2 0.51328125 0.625 0.011979166666666667 0.05925925925925926
2 0.821875 0.8314814814814815 0.019791666666666666 0.08148148148148149
2 0.8669270833333333 0.5564814814814815 0.013020833333333334 0.05555555555555555
2 0.35104166666666664 0.649537037037037 0.011458333333333333 0.06018518518518518
2 0.4734375 0.6611111111111111 0.016666666666666666 0.06296296296296296
2 0.5822916666666667 0.5402777777777777 0.009375 0.05277777777777778
2 0.7458333333333333 0.5837962962962963 0.011458333333333333 0.05462962962962963
2 0.43984375 0.6712962962962963 0.0109375 0.05740740740740741
2 0.8510416666666667 0.7296296296296296 0.020833333333333332 0.07407407407407407
3 0.9183125000000001 0.3534537037037037 0.008432291666666696 0.035157407407407436