2 0.11588541666666667 0.9851851851851852 0.0171875 0.027777777777777776
2 0.5122395833333333 0.38796296296296295 0.0109375 0.03518518518518519
2 0.42705729166666667 0.3703240740740741 0.008333333333333333 0.034999999999999955
2 0.5880208333333333 0.41064814814814815 0.013541666666666667 0.03611111111111111
2 0.2578125 0.7939814814814815 0.013541666666666667 0.0787037037037037
2 0.7966145833333333 0.5569444444444445 0.021354166666666667 0.049074074074074076
2 0.6234375 0.5587962962962963 0.016666666666666666 0.05092592592592592
2 0.6598958333333333 0.5194444444444445 0.013541666666666667 0.05185185185185185
2 0.5372395833333333 0.42407407407407405 0.008854166666666666 0.04259259259259259
2 0.34322916666666664 0.5967592592592592 0.0125 0.06018518518518518
2 0.3307291666666667 0.43796296296296294 0.010416666666666666 0.03888888888888889
2 0.22786458333333334 0.5421296296296296 0.013020833333333334 0.05462962962962963
2 0.2565104166666667 0.725925925925926 0.016145833333333335 0.07222222222222222
3 0.4895833333333333 0.5074074074074074 0.013541666666666667 0.05185185185185185
2 0.63984375 0.7037037037037037 0.019270833333333334 0.06851851851851852
2 0.6033854166666667 0.6828703703703703 0.011979166666666667 0.06388888888888888
2 0.70546875 0.538425925925926 0.011979166666666667 0.05092592592592592
2 0.7044270833333334 0.4671296296296296 0.016145833333333335 0.04537037037037037
2 0.6848958333333334 0.6240740740740741 0.015625 0.05555555555555555
2 0.6223958333333334 0.6171296296296296 0.014583333333333334 0.06018518518518518
2 0.86015625 0.6023148148148149 0.0203125 0.05462962962962963
2 0.5229166666666667 0.5652777777777778 0.011458333333333333 0.06018518518518518
0 0.8688072916666666 0.5332037037037037 0.0047760416666667044 0.009657407407407467
1 0.8451822916666667 0.4293148148148148 0.021046874999999923 0.034074074074074034
3 0.18210416666666665 0.32923148148148146 0.008578125000000015 0.03574074074074076