2 0.7860416666666666 0.37861111111111106 0.008062500000000009 0.04429629629629633
2 0.7778645833333333 0.34629629629629627 0.0078125 0.037037037037037035
2 0.7903645833333334 0.3675925925925926 0.0109375 0.046296296296296294
2 0.7440104166666667 0.5231481481481481 0.008854166666666666 0.053703703703703705
2 0.5669270833333333 0.2810185185185185 0.0067708333333333336 0.032407407407407406
2 0.17498958333333334 0.37783333333333335 0.01455729166666669 0.040722222222222236
2 0.7549479166666667 0.5138888888888888 0.009895833333333333 0.05185185185185185
2 0.48098958333333336 0.6236111111111111 0.009895833333333333 0.058333333333333334
2 0.2953125 0.32916666666666666 0.009375 0.03796296296296296
2 0.7903645833333334 0.48518518518518516 0.008854166666666666 0.05555555555555555
3 0.5794270833333334 0.38101851851851853 0.008854166666666666 0.04351851851851852
2 0.65234375 0.3958333333333333 0.009895833333333333 0.04351851851851852
2 0.08489583333333334 0.4564814814814815 0.011458333333333333 0.05
2 0.69453125 0.35833333333333334 0.008854166666666666 0.037037037037037035
2 0.41901041666666666 0.38287037037037036 0.0078125 0.04351851851851852
2 0.53046875 0.31805555555555554 0.0078125 0.03611111111111111
2 0.73046875 0.6217592592592592 0.019270833333333334 0.062037037037037036
3 0.86015625 0.924537037037037 0.022395833333333334 0.08796296296296297
2 0.35625 0.775 0.019791666666666666 0.07407407407407407
2 0.7809895833333333 0.575925925925926 0.0140625 0.05925925925925926
2 0.6692708333333334 0.6458333333333334 0.015625 0.06759259259259259
2 0.3515625 0.44675925925925924 0.0125 0.05277777777777778
2 0.40703125 0.44212962962962965 0.013020833333333334 0.05277777777777778
0 0.18344270833333332 0.3958240740740741 0.005499999999999972 0.010083333333333321
3 0.36230208333333336 0.24174999999999996 0.008723958333333334 0.0345555555555556