2 0.3294270833333333 0.3578703703703704 0.009895833333333333 0.032407407407407406
1 0.9088541666666666 0.36944444444444446 0.009375 0.03333333333333333
2 0.43125 0.3712962962962963 0.014583333333333334 0.037037037037037035
2 0.5419270833333333 0.32222222222222224 0.0078125 0.03333333333333333
2 0.6385416666666667 0.39444444444444443 0.014583333333333334 0.037037037037037035
2 0.5799479166666667 0.40370370370370373 0.013020833333333334 0.037037037037037035
2 0.44166666666666665 0.46574074074074073 0.009375 0.046296296296296294
3 0.4789479166666667 0.4422037037037037 0.0140625 0.04537037037037037
2 0.7231770833333333 0.41064814814814815 0.0078125 0.04722222222222222
2 0.70703125 0.5550925925925926 0.015104166666666667 0.049074074074074076
2 0.31223958333333335 0.41574074074074074 0.0078125 0.046296296296296294
2 0.5138020833333333 0.5078703703703704 0.008854166666666666 0.05277777777777778
2 0.27838541666666666 0.4361111111111111 0.0140625 0.04814814814814815
3 0.93828125 0.7555555555555555 0.024479166666666666 0.07777777777777778
2 0.21380208333333334 0.5601851851851852 0.0109375 0.05925925925925926
2 0.7734375 0.5337962962962963 0.013541666666666667 0.058333333333333334
2 0.6140625 0.5101851851851852 0.011458333333333333 0.05185185185185185
2 0.6291666666666667 0.4759259259259259 0.010416666666666666 0.046296296296296294
2 0.42682291666666666 0.4824074074074074 0.018229166666666668 0.046296296296296294
2 0.5411458333333333 0.4935185185185185 0.014583333333333334 0.05185185185185185
2 0.28515625 0.6722222222222223 0.021354166666666667 0.06111111111111111
2 0.37838541666666664 0.5902777777777778 0.018229166666666668 0.05462962962962963
2 0.20651041666666667 0.6685185185185185 0.0234375 0.06666666666666667
0 0.6046927083333333 0.4792592592592593 0.005036458333333371 0.0125
3 0.26861979166666666 0.25823148148148145 0.009062500000000048 0.0334351851851852