3 0.8885416666666667 0.2696574074074074 0.008333333333333333 0.03333333333333333
1 0.16640625 0.34305555555555556 0.016145833333333335 0.03611111111111111
2 0.3466458333333333 0.35574999999999996 0.012552083333333287 0.0400833333333333
2 0.65 0.33425925925925926 0.009375 0.04259259259259259
3 0.5234375 0.37962962962962965 0.009375 0.046296296296296294
2 0.47421875 0.41388888888888886 0.0109375 0.046296296296296294
2 0.59296875 0.45694444444444443 0.008854166666666666 0.05648148148148148
2 0.6010416666666667 0.4527777777777778 0.015625 0.05740740740740741
2 0.853125 0.4666666666666667 0.011458333333333333 0.05925925925925926
2 0.3223958333333333 0.3625 0.016666666666666666 0.03981481481481482
2 0.79765625 0.7430555555555556 0.015104166666666667 0.07685185185185185
2 0.27005208333333336 0.41064814814814815 0.0171875 0.04722222222222222
2 0.4359375 0.38935185185185184 0.014583333333333334 0.04722222222222222
2 0.48932291666666666 0.3662037037037037 0.016145833333333335 0.04722222222222222
2 0.4552083333333333 0.44351851851851853 0.010416666666666666 0.053703703703703705
2 0.8880208333333334 0.6023148148148149 0.017708333333333333 0.0712962962962963
2 0.8354166666666667 0.45416666666666666 0.016666666666666666 0.05277777777777778
2 0.5744791666666667 0.5069444444444444 0.0125 0.058333333333333334
2 0.2604166666666667 0.5120370370370371 0.014583333333333334 0.053703703703703705
2 0.8677083333333333 0.7208333333333333 0.020833333333333332 0.08425925925925926
2 0.61484375 0.5949074074074074 0.0234375 0.06018518518518518
2 0.3404947916666667 0.3495740740740741 0.010859374999999952 0.03737962962962963
2 0.34990625 0.3451296296296296 0.015317708333333376 0.0470555555555556