2 0.6388020833333333 0.5898148148148148 0.009895833333333333 0.03888888888888889
0 0.4703125 0.7287037037037037 0.00625 0.011111111111111112
2 0.5783854166666667 0.3731481481481482 0.008854166666666666 0.040740740740740744
2 0.6364583333333333 0.6333333333333333 0.022916666666666665 0.06481481481481481
2 0.8020833333333334 0.7055555555555556 0.011458333333333333 0.06481481481481481
2 0.3572916666666667 0.387037037037037 0.008333333333333333 0.03888888888888889
1 0.8572916666666667 0.4125 0.014583333333333334 0.04351851851851852
2 0.54609375 0.562962962962963 0.0109375 0.05185185185185185
2 0.5583333333333333 0.425 0.008333333333333333 0.044444444444444446
2 0.76328125 0.5921296296296297 0.009895833333333333 0.06018518518518518
2 0.6466145833333333 0.41435185185185186 0.011979166666666667 0.04537037037037037
2 0.6609375 0.42083333333333334 0.009375 0.04537037037037037
2 0.69609375 0.48657407407407405 0.008854166666666666 0.05092592592592592
3 0.5466145833333333 0.500462962962963 0.011979166666666667 0.049074074074074076
3 0.16549479166666667 0.9398148148148148 0.019791666666666666 0.08148148148148149
2 0.7927083333333333 0.6097222222222223 0.014583333333333334 0.062037037037037036
2 0.24296875 0.6439814814814815 0.016145833333333335 0.06388888888888888
2 0.5955729166666667 0.6861111111111111 0.0234375 0.06851851851851852
2 0.26640625 0.4675925925925926 0.011979166666666667 0.05
2 0.4010416666666667 0.5092592592592593 0.015625 0.046296296296296294
2 0.6223958333333334 0.7398148148148148 0.011458333333333333 0.07222222222222222
2 0.4609375 0.7046296296296296 0.011458333333333333 0.06851851851851852
2 0.49375 0.5745370370370371 0.0125 0.05462962962962963
2 0.31588541666666664 0.6226851851851852 0.013020833333333334 0.06759259259259259
3 0.5458333333333333 0.2919351851851852 0.00940104166666676 0.03149074074074073