2 0.5565104166666667 0.4166666666666667 0.011979166666666667 0.03333333333333333
2 0.2669270833333333 0.45231481481481484 0.0109375 0.03981481481481482
2 0.5799479166666667 0.4287037037037037 0.008854166666666666 0.03888888888888889
2 0.69453125 0.5083333333333333 0.013020833333333334 0.046296296296296294
2 0.14427083333333332 0.5986111111111111 0.0125 0.058333333333333334
2 0.13828125 0.5712962962962963 0.0140625 0.05740740740740741
2 0.8434895833333333 0.5842592592592593 0.016145833333333335 0.046296296296296294
2 0.6151041666666667 0.44212962962962965 0.008333333333333333 0.041666666666666664
2 0.8925052083333334 0.6133055555555555 0.019484374999999925 0.0580925925925926
2 0.48776041666666664 0.47175925925925927 0.008854166666666666 0.041666666666666664
2 0.3380208333333333 0.5726851851851852 0.010416666666666666 0.058333333333333334
2 0.6830729166666667 0.5791666666666667 0.0140625 0.05277777777777778
2 0.3338541666666667 0.4425925925925926 0.00625 0.040740740740740744
2 0.771875 0.6398148148148148 0.015625 0.05555555555555555
3 0.55703125 0.5092592592592593 0.013020833333333334 0.04814814814814815
2 0.16640625 0.6152777777777778 0.013020833333333334 0.06018518518518518
2 0.5919270833333333 0.5944444444444444 0.0109375 0.05740740740740741
3 0.10961458333333335 0.8270925925925926 0.022354166666666675 0.08566666666666665
2 0.35052083333333334 0.5837962962962963 0.019791666666666666 0.05462962962962963
2 0.5778645833333333 0.6439814814814815 0.019270833333333334 0.058333333333333334
2 0.7510416666666667 0.6398148148148148 0.0125 0.05740740740740741
2 0.5346354166666667 0.6712962962962963 0.0171875 0.06851851851851852
1 0.7268541666666667 0.4143240740740741 0.01111979166666662 0.04108333333333334
0 0.8851197916666667 0.594388888888889 0.005572916666666572 0.010212962962962938
3 0.469609375 0.34299999999999997 0.007614583333333276 0.02839814814814811