2 0.6197916666666666 0.5101851851851852 0.0125 0.03888888888888889
2 0.5268229166666667 0.37546296296296294 0.0078125 0.030555555555555555
2 0.6104114583333333 0.533425925925926 0.01666145833333322 0.042407407407407366
2 0.5393229166666667 0.39166666666666666 0.0078125 0.03148148148148148
2 0.7111979166666667 0.47962962962962963 0.009895833333333333 0.040740740740740744
2 0.7052083333333333 0.40046296296296297 0.007291666666666667 0.03796296296296296
2 0.8 0.4236111111111111 0.010416666666666666 0.03981481481481482
2 0.852734375 0.5074814814814815 0.013276041666666552 0.04985185185185178
0 0.24296875 0.7523148148148148 0.005729166666666666 0.012037037037037037
2 0.6822916666666666 0.6333333333333333 0.020833333333333332 0.05
2 0.6947916666666667 0.4671296296296296 0.011458333333333333 0.04351851851851852
2 0.06979166666666667 0.5541666666666667 0.019791666666666666 0.05092592592592592
2 0.5455729166666666 0.43425925925925923 0.0078125 0.040740740740740744
2 0.3763020833333333 0.40185185185185185 0.008854166666666666 0.040740740740740744
2 0.2359375 0.7138888888888889 0.030208333333333334 0.06481481481481481
1 0.14557291666666666 0.4351851851851852 0.011979166666666667 0.044444444444444446
2 0.290625 0.6837962962962963 0.01875 0.06018518518518518
2 0.40208333333333335 0.48009259259259257 0.009375 0.049074074074074076
2 0.4171875 0.4652777777777778 0.009375 0.04351851851851852
2 0.9005208333333333 0.5412037037037037 0.019791666666666666 0.049074074074074076
2 0.2125 0.5370370370370371 0.021875 0.05740740740740741
2 0.6880260416666667 0.6109166666666667 0.025520833333333333 0.03987037037037032
3 0.8312864583333333 0.3752407407407407 0.008552083333333372 0.0334907407407407
2 0.853515625 0.49225 0.013703124999999972 0.05320370370370374