2 0.10390625 0.5342592592592592 0.016145833333333335 0.04259259259259259
2 0.44036458333333334 0.41712962962962963 0.0078125 0.03611111111111111
2 0.4140625 0.45601851851851855 0.007291666666666667 0.03611111111111111
2 0.3971354166666667 0.49398148148148147 0.011979166666666667 0.041666666666666664
2 0.6161458333333333 0.4398148148148148 0.008333333333333333 0.03518518518518519
2 0.4549479166666667 0.46435185185185185 0.009895833333333333 0.03796296296296296
2 0.63046875 0.4375 0.0067708333333333336 0.03796296296296296
2 0.27395833333333336 0.5226851851851851 0.008333333333333333 0.04537037037037037
2 0.59375 0.5453703703703704 0.010416666666666666 0.04814814814814815
2 0.41744791666666664 0.5296296296296297 0.008854166666666666 0.046296296296296294
2 0.8807291666666667 0.5546296296296296 0.009375 0.053703703703703705
2 0.6098958333333333 0.5388888888888889 0.009375 0.04814814814814815
2 0.39088541666666665 0.5902777777777778 0.008854166666666666 0.05092592592592592
2 0.8635416666666667 0.6370370370370371 0.009375 0.06111111111111111
2 0.40286458333333336 0.5995370370370371 0.0109375 0.05648148148148148
2 0.21171875 0.5833333333333334 0.013020833333333334 0.05
3 0.9049479166666666 0.8138888888888889 0.0140625 0.08333333333333333
2 0.8471354166666667 0.6370370370370371 0.0140625 0.06296296296296296
2 0.0811875 0.5413888888888889 0.008010416666666664 0.04423148148148146
2 0.09096354166666668 0.5461759259259259 0.011328125 0.043435185185185264
1 0.35935937500000004 0.41681481481481486 0.010177083333333314 0.036129629629629616
2 0.43113541666666666 0.4209537037037037 0.010067708333333295 0.03645370370370371