2 0.7140625 0.3648148148148148 0.009375 0.025925925925925925
0 0.915625 0.4263888888888889 0.00625 0.010185185185185186
2 0.7106770833333333 0.3990740740740741 0.016145833333333335 0.040740740740740744
2 0.3700260416666667 0.37724074074074077 0.012036458333333281 0.0396666666666667
2 0.5015625 0.41574074074074074 0.0125 0.037037037037037035
2 0.68046875 0.36342592592592593 0.009895833333333333 0.04351851851851852
2 0.6752604166666667 0.41203703703703703 0.0140625 0.05185185185185185
2 0.3854166666666667 0.3773148148148148 0.010416666666666666 0.04537037037037037
2 0.32928645833333337 0.45185185185185184 0.014729166666666653 0.05445370370370365
2 0.4596354166666667 0.4013888888888889 0.009895833333333333 0.04537037037037037
2 0.31588541666666664 0.46296296296296297 0.009895833333333333 0.053703703703703705
2 0.42161458333333335 0.39814814814814814 0.013020833333333334 0.05185185185185185
2 0.36041666666666666 0.38935185185185184 0.010416666666666666 0.05092592592592592
2 0.09375 0.3972222222222222 0.010416666666666666 0.053703703703703705
2 0.6059895833333333 0.4412037037037037 0.018229166666666668 0.05648148148148148
2 0.9515625 0.41203703703703703 0.0125 0.05185185185185185
2 0.63828125 0.5337962962962963 0.0140625 0.06388888888888888
2 0.7208333333333333 0.4888888888888889 0.01875 0.05740740740740741
3 0.8424479166666666 0.8638888888888889 0.0203125 0.10185185185185185
3 0.47760416666666666 0.45185185185185184 0.013541666666666667 0.05555555555555555
2 0.7333333333333333 0.5884259259259259 0.021875 0.06574074074074074
3 0.44378645833333336 0.2990833333333333 0.009098958333333348 0.03888888888888889
2 0.440890625 0.3411018518518518 0.015885416666666666 0.04415740740740746
2 0.32859374999999996 0.4316388888888889 0.013875000000000052 0.0544074074074074
2 0.5007083333333333 0.4021851851851852 0.011593749999999995 0.04859259259259261