2 0.5159427083333333 0.34352777777777777 0.01185937499999999 0.04257407407407409
2 0.40182291666666664 0.3287037037037037 0.011979166666666667 0.03888888888888889
3 0.7395833333333334 0.32222222222222224 0.009375 0.040740740740740744
2 0.41484375 0.35509259259259257 0.009895833333333333 0.041666666666666664
2 0.3815104166666667 0.35185185185185186 0.011979166666666667 0.040740740740740744
2 0.46328125 0.33425925925925926 0.0109375 0.037037037037037035
2 0.6533854166666667 0.35 0.0109375 0.040740740740740744
2 0.48880208333333336 0.36712962962962964 0.0140625 0.03981481481481482
3 0.4002604166666667 0.3990740740740741 0.0109375 0.05740740740740741
2 0.25703125 0.3680555555555556 0.013020833333333334 0.05092592592592592
2 0.303125 0.40555555555555556 0.013541666666666667 0.05
2 0.1984375 0.43796296296296294 0.014583333333333334 0.05925925925925926
2 0.6096354166666667 0.38472222222222224 0.011979166666666667 0.05277777777777778
2 0.28072916666666664 0.4060185185185185 0.013541666666666667 0.05277777777777778
2 0.5690104166666666 0.7527777777777778 0.0203125 0.09074074074074075
2 0.1453125 0.5217592592592593 0.017708333333333333 0.06759259259259259
2 0.5169270833333334 0.46111111111111114 0.0140625 0.05740740740740741
2 0.8296875 0.5222222222222223 0.014583333333333334 0.07037037037037037
2 0.175 0.5199074074074074 0.028125 0.07314814814814814
2 0.22317708333333333 0.7152777777777778 0.015104166666666667 0.08611111111111111
2 0.76171875 0.4050925925925926 0.0109375 0.058333333333333334
2 0.359375 0.5212962962962963 0.019791666666666666 0.06481481481481481
0 0.42663020833333337 0.3625555555555556 0.005151041666666719 0.010629629629629647