2 0.3109375 0.4412037037037037 0.00625 0.030555555555555555
2 0.5700520833333333 0.43703703703703706 0.005729166666666666 0.02962962962962963
2 0.56953125 0.47638888888888886 0.0067708333333333336 0.03425925925925926
2 0.47109375 0.4444444444444444 0.005729166666666666 0.03148148148148148
2 0.25703125 0.549074074074074 0.013020833333333334 0.040740740740740744
2 0.7041666666666667 0.4726851851851852 0.008333333333333333 0.03425925925925926
2 0.22708333333333333 0.48055555555555557 0.008333333333333333 0.03888888888888889
2 0.8924479166666667 0.5587962962962963 0.008854166666666666 0.04351851851851852
2 0.6247395833333333 0.49212962962962964 0.0078125 0.03796296296296296
2 0.38229166666666664 0.5185185185185185 0.008333333333333333 0.040740740740740744
3 0.05130208333333333 0.7842592592592592 0.025520833333333333 0.07037037037037037
2 0.78359375 0.6018518518518519 0.009895833333333333 0.04259259259259259
3 0.5841145833333333 0.5194444444444445 0.011979166666666667 0.03888888888888889
2 0.0734375 0.6185185185185185 0.010416666666666666 0.053703703703703705
1 0.8723958333333334 0.5305555555555556 0.013541666666666667 0.037037037037037035
2 0.5268229166666667 0.5087962962962963 0.0078125 0.03796296296296296
2 0.60234375 0.5810185185185185 0.0078125 0.04722222222222222
2 0.13046875 0.6111111111111112 0.0203125 0.05
2 0.34427083333333336 0.5606481481481481 0.009375 0.04537037037037037
2 0.38255208333333335 0.7162037037037037 0.018229166666666668 0.05648148148148148
2 0.7822916666666667 0.6884259259259259 0.0125 0.05648148148148148
2 0.24166666666666667 0.6916666666666667 0.014583333333333334 0.06296296296296296
2 0.2967916666666666 0.4407777777777778 0.007151041666666676 0.032953703703703735
0 0.8729375 0.5307222222222222 0.004984375000000085 0.010398148148148165