0 0.5669270833333333 0.4476851851851852 0.005729166666666666 0.010185185185185186
2 0.35625 0.3388888888888889 0.010416666666666666 0.044444444444444446
2 0.22994791666666667 0.3712962962962963 0.0140625 0.05
2 0.3223958333333333 0.33287037037037037 0.010416666666666666 0.04351851851851852
2 0.24166666666666667 0.35185185185185186 0.010416666666666666 0.046296296296296294
2 0.469765625 0.4054074074074074 0.01672395833333328 0.055259259259259216
2 0.59453125 0.38055555555555554 0.018229166666666668 0.05
2 0.4236979166666667 0.3490740740740741 0.013020833333333334 0.05
2 0.5526041666666667 0.42268518518518516 0.01875 0.04722222222222222
2 0.38567708333333334 0.41203703703703703 0.0140625 0.05185185185185185
2 0.3322395833333333 0.43142592592592593 0.018848958333333363 0.05543518518518519
2 0.8080729166666667 0.41712962962962963 0.0171875 0.06018518518518518
2 0.18932291666666667 0.4162037037037037 0.0109375 0.058333333333333334
2 0.40703125 0.37546296296296294 0.015104166666666667 0.05462962962962963
2 0.46328125 0.5976851851851852 0.021354166666666667 0.06944444444444445
2 0.1984375 0.45555555555555555 0.017708333333333333 0.06481481481481481
2 0.29765625 0.40324074074074073 0.016145833333333335 0.05462962962962963
3 0.5114583333333333 0.4222222222222222 0.025 0.05185185185185185
2 0.8416666666666667 0.5555555555555556 0.026041666666666668 0.07222222222222222
2 0.6190104166666667 0.5740740740740741 0.0296875 0.06851851851851852
2 0.9135416666666667 0.5189814814814815 0.026041666666666668 0.06759259259259259
2 0.2390625 0.5425925925925926 0.026041666666666668 0.06481481481481481
3 0.3112864583333333 0.2931944444444444 0.011296875000000029 0.04034259259259264