2 0.5489583333333333 0.40925925925925927 0.00625 0.027777777777777776
2 0.2786458333333333 0.4449074074074074 0.008333333333333333 0.030555555555555555
2 0.5393229166666667 0.41944444444444445 0.0067708333333333336 0.025925925925925925
2 0.6557291666666667 0.43703703703703706 0.010416666666666666 0.03518518518518519
2 0.18802083333333333 0.4962962962962963 0.011458333333333333 0.03518518518518519
2 0.50390625 0.48194444444444445 0.0078125 0.03425925925925926
2 0.6184895833333334 0.5152777777777777 0.009895833333333333 0.03981481481481482
2 0.21171875 0.49398148148148147 0.008854166666666666 0.03611111111111111
2 0.3268229166666667 0.5046296296296297 0.0078125 0.037037037037037035
2 0.11915104166666667 0.6316111111111111 0.019546875000000016 0.048416666666666636
2 0.5972239583333334 0.705212962962963 0.015666666666666627 0.059990740740740706
3 0.35078645833333333 0.5375555555555555 0.017447916666666667 0.044009259259259234
2 0.6041666666666666 0.5310185185185186 0.009375 0.041666666666666664
2 0.3580729166666667 0.5680555555555555 0.019270833333333334 0.04351851851851852
2 0.07161458333333333 0.5699074074074074 0.0203125 0.04537037037037037
2 0.30546875 0.5032407407407408 0.0140625 0.041666666666666664
1 0.8671875 0.4615740740740741 0.011458333333333333 0.03425925925925926
2 0.81953125 0.5708333333333333 0.0109375 0.05092592592592592
2 0.87734375 0.5958333333333333 0.0171875 0.049074074074074076
3 0.9165989583333333 0.6930555555555555 0.016666666666666666 0.06018518518518518
2 0.7385416666666667 0.6708333333333333 0.015625 0.05648148148148148
2 0.1515625 0.6851851851851852 0.026041666666666668 0.053703703703703705
2 0.3944270833333333 0.4282777777777778 0.010317708333333305 0.03202777777777781
0 0.07653125 0.5680555555555555 0.006411458333333334 0.010583333333333392