2 0.26979166666666665 0.4111111111111111 0.011458333333333333 0.037037037037037035
3 0.33046875 0.4078703703703704 0.0109375 0.032407407407407406
2 0.7666666666666667 0.45046296296296295 0.013541666666666667 0.03425925925925926
2 0.1549010416666667 0.48627777777777775 0.01207291666666664 0.04292592592592583
2 0.7013958333333332 0.41201851851851856 0.016999999999999935 0.03699074074074078
2 0.16145833333333334 0.5111111111111111 0.011458333333333333 0.04259259259259259
2 0.32005208333333335 0.42407407407407405 0.0109375 0.037037037037037035
2 0.42942708333333335 0.4152777777777778 0.008854166666666666 0.03611111111111111
2 0.22838541666666667 0.44027777777777777 0.008854166666666666 0.04351851851851852
2 0.3796875 0.46111111111111114 0.011458333333333333 0.040740740740740744
2 0.51953125 0.45601851851851855 0.0078125 0.03796296296296296
2 0.5486979166666667 0.4398148148148148 0.013020833333333334 0.04259259259259259
2 0.2830729166666667 0.4828703703703704 0.013020833333333334 0.04537037037037037
2 0.6986979166666667 0.46296296296296297 0.016145833333333335 0.04259259259259259
2 0.36432291666666666 0.5634259259259259 0.016145833333333335 0.05277777777777778
2 0.8130208333333333 0.49212962962962964 0.014583333333333334 0.05092592592592592
2 0.7890625 0.5277777777777778 0.017708333333333333 0.05555555555555555
1 0.07546875000000004 0.4238425925925926 0.011161458333333337 0.0356574074074074
2 0.7679375 0.41350925925925924 0.011348958333333315 0.039212962962962984
3 0.7545416666666667 0.3619537037037037 0.00923958333333322 0.029935185185185224
2 0.6858697916666666 0.4035925925925926 0.013093749999999934 0.038268518518518556
2 0.22860937500000003 0.4192962962962963 0.009510416666666662 0.035324074074074056
0 0.26890624999999996 0.42492592592592593 0.0046718750000000146 0.008120370370370354
2 0.6753125 0.4009259259259259 0.012494791666666553 0.0374814814814815