2 0.4209322916666667 0.4189074074074074 0.007093749999999943 0.03440740740740738
2 0.6421875 0.44166666666666665 0.011458333333333333 0.037037037037037035
2 0.6622395833333333 0.4393518518518518 0.011979166666666667 0.03611111111111111
2 0.3841145833333333 0.4217592592592593 0.0067708333333333336 0.03611111111111111
2 0.3502604166666667 0.475 0.009895833333333333 0.03888888888888889
2 0.47161458333333334 0.4671296296296296 0.0109375 0.04351851851851852
2 0.15052083333333333 0.5615740740740741 0.017708333333333333 0.04351851851851852
3 0.41953125 0.49722222222222223 0.008854166666666666 0.044444444444444446
2 0.6356770833333333 0.5518518518518518 0.011979166666666667 0.05185185185185185
2 0.8489583333333334 0.5569444444444445 0.010416666666666666 0.05648148148148148
2 0.41770833333333335 0.5527777777777778 0.011458333333333333 0.05
2 0.6221354166666667 0.5574074074074075 0.015104166666666667 0.05
2 0.8638020833333333 0.6273148148148148 0.013020833333333334 0.06018518518518518
2 0.8513020833333333 0.6175925925925926 0.0140625 0.06481481481481481
3 0.8872395833333333 0.8148148148148148 0.0140625 0.08518518518518518
2 0.28854166666666664 0.5333333333333333 0.009375 0.04814814814814815
2 0.43984375 0.6305555555555555 0.0140625 0.06296296296296296
2 0.3966145833333333 0.6166666666666667 0.0171875 0.053703703703703705
2 0.21640625 0.6083333333333333 0.0203125 0.05740740740740741
3 0.5170729166666667 0.3469259259259259 0.005901041666666629 0.023314814814814767
2 0.07173437499999999 0.5458981481481482 0.010885416666666654 0.04794444444444442
2 0.061937500000000006 0.5528333333333333 0.014390624999999997 0.03425925925925926
0 0.05265104166666667 0.570861111111111 0.004796875000000004 0.007185185185185176
1 0.32464062499999996 0.41278703703703706 0.011463541666666662 0.04102777777777783