2 0.37429166666666663 0.4121944444444445 0.016000000000000014 0.04475925925925929
2 0.38753125 0.4363518518518518 0.012442708333333385 0.048638888888888863
2 0.26614583333333336 0.37083333333333335 0.010416666666666666 0.03981481481481482
2 0.5401041666666667 0.38981481481481484 0.011458333333333333 0.040740740740740744
2 0.5223958333333333 0.4452314814814815 0.02396354166666678 0.04786111111111116
3 0.582453125 0.41405555555555557 0.013223958333333266 0.046453703703703664
2 0.20546875 0.37407407407407406 0.0140625 0.040740740740740744
2 0.6104739583333333 0.4655462962962963 0.024171874999999923 0.0477592592592593
2 0.3033854166666667 0.36435185185185187 0.0109375 0.03796296296296296
2 0.33541666666666664 0.36666666666666664 0.007291666666666667 0.03888888888888889
2 0.83709375 0.5233148148148148 0.019562499999999972 0.0632962962962962
2 0.2578125 0.42824074074074076 0.016666666666666666 0.04537037037037037
2 0.7210468750000001 0.5965833333333332 0.021442708333333373 0.061675925925925836
2 0.22161458333333334 0.4013888888888889 0.018229166666666668 0.04722222222222222
2 0.46588541666666666 0.5800925925925926 0.0328125 0.062037037037037036
2 0.80234375 0.5337962962962963 0.028645833333333332 0.05648148148148148
2 0.8611979166666667 0.4962962962962963 0.011979166666666667 0.05740740740740741
2 0.7341145833333333 0.4351851851851852 0.011979166666666667 0.04814814814814815
2 0.19114583333333332 0.4861111111111111 0.011458333333333333 0.05740740740740741
2 0.15651041666666668 0.44814814814814813 0.016145833333333335 0.05185185185185185
0 0.6246354166666667 0.4898518518518518 0.005328125000000009 0.009444444444444486
2 0.5167447916666666 0.44280555555555556 0.01399479166666661 0.04778703703703705
3 0.24506770833333333 0.32028703703703704 0.009473958333333362 0.03878703703703702