2 0.44357812500000005 0.3515462962962963 0.010765625000000037 0.030685185185185173
2 0.6192708333333333 0.3768518518518518 0.009375 0.040740740740740744
2 0.3697916666666667 0.38333333333333336 0.010416666666666666 0.037037037037037035
2 0.6050729166666666 0.39235185185185184 0.008598958333333446 0.043731481481481496
2 0.6065104166666667 0.4305555555555556 0.0078125 0.044444444444444446
2 0.5693697916666667 0.4441851851851852 0.017906250000000058 0.05050925925925922
2 0.5768229166666666 0.48518518518518516 0.015104166666666667 0.053703703703703705
2 0.6934895833333333 0.500462962962963 0.013020833333333334 0.05277777777777778
2 0.353125 0.41805555555555557 0.0125 0.04351851851851852
2 0.6221354166666667 0.4615740740740741 0.019270833333333334 0.05277777777777778
3 0.5432291666666667 0.4678055555555556 0.011458333333333333 0.05185185185185185
1 0.15321875000000004 0.43137037037037035 0.01164583333333334 0.046074074074074066
1 0.9359375 0.4263888888888889 0.014583333333333334 0.05277777777777778
2 0.42473958333333334 0.5203703703703704 0.0109375 0.05555555555555555
3 0.19348958333333333 0.8282407407407407 0.027604166666666666 0.09722222222222222
2 0.23333333333333334 0.5796296296296296 0.013541666666666667 0.06481481481481481
0 0.15834374999999998 0.44615740740740745 0.005427083333333312 0.00987037037037034
2 0.371328125 0.36438888888888893 0.00877604166666662 0.035537037037037034
2 0.6383541666666666 0.4200277777777778 0.011338541666666656 0.04570370370370372
2 0.6589895833333334 0.41428703703703706 0.01072395833333341 0.037611111111111116
2 0.6459166666666666 0.41507407407407404 0.01013020833333324 0.045416666666666626
2 0.6521354166666666 0.40037962962962964 0.008671875000000048 0.04148148148148144
2 0.660375 0.45638888888888884 0.013374999999999915 0.04621296296296304
2 0.6676510416666666 0.44780555555555557 0.00962500000000001 0.04132407407407407
2 0.6697500000000001 0.4295 0.008927083333333268 0.0386203703703704
3 0.5977552083333334 0.3318425925925926 0.006661458333333314 0.028935185185185185