2 0.4640625 0.4601851851851852 0.010416666666666666 0.03148148148148148
2 0.4322916666666667 0.487962962962963 0.011458333333333333 0.03888888888888889
2 0.6317708333333333 0.5069444444444444 0.008333333333333333 0.03796296296296296
2 0.7442708333333333 0.4930555555555556 0.009375 0.03981481481481482
1 0.15677083333333333 0.5133055555555556 0.008333333333333333 0.04351851851851852
2 0.14322916666666666 0.5689814814814815 0.010416666666666666 0.03796296296296296
2 0.6447916666666667 0.5564814814814815 0.009375 0.044444444444444446
2 0.46536458333333336 0.5231481481481481 0.008854166666666666 0.040740740740740744
2 0.309375 0.4689814814814815 0.007291666666666667 0.03611111111111111
2 0.7690104166666667 0.5787037037037037 0.013020833333333334 0.046296296296296294
2 0.3841145833333333 0.5569444444444445 0.013020833333333334 0.04351851851851852
3 0.5171875 0.49583333333333335 0.008333333333333333 0.03796296296296296
2 0.6919270833333333 0.5435185185185185 0.0067708333333333336 0.04259259259259259
2 0.28463541666666664 0.6930555555555555 0.008854166666666666 0.05648148148148148
2 0.32708333333333334 0.6134259259259259 0.008333333333333333 0.05092592592592592
2 0.7276041666666667 0.6625 0.010416666666666666 0.05648148148148148
2 0.5872395833333334 0.7083333333333334 0.013020833333333334 0.05925925925925926
2 0.8583333333333333 0.6129629629629629 0.011458333333333333 0.05555555555555555
3 0.8627604166666667 0.7805555555555556 0.0171875 0.07037037037037037
0 0.15658854166666666 0.589574074074074 0.007677083333333338 0.013092592592592685
3 0.3751666666666667 0.3923611111111111 0.006838541666666724 0.024009259259259213
2 0.479921875 0.4234074074074074 0.010135416666666685 0.030962962962963015
2 0.5330364583333334 0.4450462962962963 0.009036458333333285 0.03470370370370372
2 0.6968541666666667 0.4430462962962963 0.008229166666666761 0.033092592592592604
2 0.6919322916666667 0.4489444444444445 0.007526041666666572 0.031435185185185226