2 0.4505208333333333 0.35138888888888886 0.010416666666666666 0.03796296296296296
2 0.77421875 0.3921296296296296 0.0078125 0.05092592592592592
2 0.6630208333333333 0.36574074074074076 0.009375 0.040740740740740744
2 0.41484375 0.3402777777777778 0.013020833333333334 0.04351851851851852
2 0.4401041666666667 0.39444444444444443 0.010416666666666666 0.044444444444444446
2 0.26484375 0.3537037037037037 0.009895833333333333 0.044444444444444446
2 0.7104166666666667 0.4125 0.010416666666666666 0.049074074074074076
2 0.70703125 0.4550925925925926 0.013020833333333334 0.049074074074074076
2 0.46119791666666665 0.4013888888888889 0.009895833333333333 0.049074074074074076
1 0.14401041666666667 0.3712962962962963 0.013020833333333334 0.046296296296296294
2 0.6450520833333333 0.40324074074074073 0.013020833333333334 0.05092592592592592
2 0.8622395833333333 0.44212962962962965 0.015104166666666667 0.05648148148148148
2 0.5200520833333333 0.38425925925925924 0.008854166666666666 0.046296296296296294
3 0.5510416666666667 0.4305555555555556 0.009375 0.05555555555555555
2 0.1796875 0.47314814814814815 0.009375 0.06111111111111111
2 0.8958333333333334 0.5018518518518519 0.013541666666666667 0.06666666666666667
2 0.8356770833333333 0.5481481481481482 0.0171875 0.06296296296296296
2 0.36380208333333336 0.44722222222222224 0.0140625 0.05925925925925926
2 0.85625 0.5148148148148148 0.016666666666666666 0.06851851851851852
2 0.6768229166666667 0.5055555555555555 0.0109375 0.06111111111111111
2 0.51953125 0.5254629629629629 0.018229166666666668 0.06018518518518518
2 0.36432291666666666 0.5578703703703703 0.013020833333333334 0.06759259259259259
0 0.26781770833333335 0.3734166666666667 0.005307291666666695 0.010222222222222188
3 0.863890625 0.3501944444444444 0.009958333333333276 0.04477777777777779