2 0.4046875 0.2569444444444444 0.011458333333333333 0.03611111111111111
2 0.4361979166666667 0.3013888888888889 0.0109375 0.028703703703703703
2 0.30390625 0.24351851851851852 0.0109375 0.037037037037037035
2 0.2682291666666667 0.2537037037037037 0.008333333333333333 0.040740740740740744
2 0.7372395833333333 0.25324074074074077 0.0067708333333333336 0.03981481481481482
2 0.5697916666666667 0.24814814814814815 0.009375 0.037037037037037035
2 0.7204375 0.2771666666666666 0.016916666666666677 0.043212962962962925
3 0.7760416666666666 0.2301666666666667 0.013541666666666667 0.03611111111111111
2 0.24505208333333334 0.2712962962962963 0.011979166666666667 0.040740740740740744
2 0.3536458333333333 0.36574074074074076 0.011458333333333333 0.05740740740740741
2 0.22864583333333333 0.2851851851851852 0.010416666666666666 0.05
2 0.16848958333333333 0.3439814814814815 0.011979166666666667 0.06018518518518518
2 0.36302083333333335 0.29259259259259257 0.010416666666666666 0.04814814814814815
2 0.43828125 0.33564814814814814 0.013020833333333334 0.05462962962962963
3 0.48203125 0.30694444444444446 0.0109375 0.05277777777777778
2 0.5294270833333333 0.33935185185185185 0.0109375 0.05462962962962963
2 0.6263020833333334 0.41712962962962963 0.015104166666666667 0.062037037037037036
2 0.2877604166666667 0.35138888888888886 0.0109375 0.058333333333333334
2 0.196875 0.4351851851851852 0.014583333333333334 0.06851851851851852
2 0.8763020833333334 0.32314814814814813 0.0140625 0.053703703703703705
2 0.4114583333333333 0.4273148148148148 0.014583333333333334 0.06759259259259259
2 0.14010416666666667 0.43425925925925923 0.0125 0.06666666666666667
0 0.5844427083333333 0.26864814814814814 0.00482812499999999 0.010009259259259209