2 0.6377708333333333 0.1933888888888889 0.008833333333333353 0.0595277777777778
2 0.6450520833333333 0.17731481481481481 0.0109375 0.04722222222222222
2 0.6322916666666667 0.20046296296296295 0.010416666666666666 0.05277777777777778
2 0.6065104166666667 0.17731481481481481 0.0140625 0.049074074074074076
3 0.19088541666666667 0.16574074074074074 0.011979166666666667 0.05
2 0.43307291666666664 0.17824074074074073 0.013020833333333334 0.04722222222222222
2 0.4635416666666667 0.2111111111111111 0.0125 0.05925925925925926
2 0.559375 0.20972222222222223 0.014583333333333334 0.06018518518518518
2 0.49375 0.20879629629629629 0.014583333333333334 0.05462962962962963
2 0.28177083333333336 0.20324074074074075 0.019791666666666666 0.05092592592592592
2 0.7549479166666667 0.2111111111111111 0.013020833333333334 0.05925925925925926
2 0.29583333333333334 0.2638888888888889 0.011458333333333333 0.06666666666666667
2 0.5963541666666666 0.23333333333333334 0.016666666666666666 0.05740740740740741
2 0.7893229166666667 0.24953703703703703 0.0109375 0.06759259259259259
2 0.2596354166666667 0.20185185185185187 0.011979166666666667 0.06111111111111111
2 0.8296875 0.33240740740740743 0.010416666666666666 0.07777777777777778
2 0.7505208333333333 0.2962962962962963 0.013541666666666667 0.06851851851851852
2 0.19088541666666667 0.2689814814814815 0.021354166666666667 0.06759259259259259
2 0.46067708333333335 0.2740740740740741 0.021354166666666667 0.05925925925925926
3 0.553125 0.2601851851851852 0.014583333333333334 0.07037037037037037
2 0.24765625 0.35694444444444445 0.018229166666666668 0.08425925925925926