3 0.23888020833333332 0.23651851851851852 0.009010416666666642 0.0400833333333333
2 0.5268020833333333 0.34221296296296294 0.013572916666666638 0.05226851851851856
2 0.6138020833333333 0.28425925925925927 0.011979166666666667 0.037037037037037035
2 0.6247395833333333 0.2916666666666667 0.015104166666666667 0.044444444444444446
2 0.6 0.274537037037037 0.014583333333333334 0.041666666666666664
2 0.5270833333333333 0.3699074074074074 0.0125 0.05462962962962963
2 0.6984375 0.28935185185185186 0.010416666666666666 0.04537037037037037
3 0.48333333333333334 0.30972222222222223 0.013541666666666667 0.049074074074074076
2 0.48098958333333336 0.2652777777777778 0.009895833333333333 0.041666666666666664
2 0.6361979166666667 0.33564814814814814 0.0109375 0.05277777777777778
2 0.25 0.29259259259259257 0.009375 0.046296296296296294
2 0.51328125 0.4097222222222222 0.011979166666666667 0.062037037037037036
2 0.33619791666666665 0.38564814814814813 0.019270833333333334 0.05462962962962963
2 0.5575520833333333 0.4152777777777778 0.0140625 0.062037037037037036
2 0.16927083333333334 0.35138888888888886 0.011458333333333333 0.05648148148148148
2 0.7466145833333333 0.3439814814814815 0.011979166666666667 0.05277777777777778
2 0.33203125 0.4740740740740741 0.016145833333333335 0.07407407407407407
2 0.696875 0.38796296296296295 0.016666666666666666 0.06296296296296296
2 0.8028645833333333 0.5314814814814814 0.016145833333333335 0.07592592592592592
2 0.6953125 0.55 0.019791666666666666 0.08148148148148149
2 0.8114583333333333 0.3958333333333333 0.015625 0.06388888888888888
2 0.5356770833333333 0.5185185185185185 0.0203125 0.07037037037037037
0 0.178125 0.3670462962962963 0.005427083333333312 0.010944444444444491