2 0.6181979166666667 0.23239814814814816 0.00827083333333339 0.03764814814814812
2 0.75703125 0.2972222222222222 0.011979166666666667 0.05185185185185185
2 0.6846354166666667 0.2657407407407407 0.009895833333333333 0.046296296296296294
2 0.5736979166666667 0.22777777777777777 0.0109375 0.037037037037037035
2 0.7072916666666667 0.2763888888888889 0.0125 0.04351851851851852
2 0.7692708333333333 0.30648148148148147 0.010416666666666666 0.046296296296296294
2 0.54609375 0.2675925925925926 0.008854166666666666 0.046296296296296294
2 0.6924479166666667 0.29212962962962963 0.008854166666666666 0.049074074074074076
3 0.5203125 0.25972222222222224 0.009375 0.04722222222222222
2 0.6411458333333333 0.2884259259259259 0.009375 0.049074074074074076
2 0.7502604166666667 0.3300925925925926 0.013020833333333334 0.05277777777777778
2 0.35442708333333334 0.24027777777777778 0.008854166666666666 0.03796296296296296
2 0.14322916666666666 0.31342592592592594 0.009375 0.05277777777777778
2 0.7911458333333333 0.3347222222222222 0.010416666666666666 0.05092592592592592
2 0.40598958333333335 0.31805555555555554 0.009895833333333333 0.05277777777777778
2 0.7111979166666667 0.3773148148148148 0.013020833333333334 0.058333333333333334
2 0.17682291666666666 0.3138888888888889 0.0109375 0.05555555555555555
2 0.496875 0.3236111111111111 0.015625 0.05277777777777778
2 0.16067708333333333 0.38564814814814813 0.0171875 0.06574074074074074
1 0.8250572916666666 0.2931944444444444 0.012067708333333371 0.043194444444444424
2 0.6217343750000001 0.22664814814814815 0.008557291666666581 0.037814814814814794
3 0.030151041666666666 0.24541666666666667 0.01244270833333334 0.05691666666666669