2 0.31640625 0.9736111111111111 0.025520833333333333 0.05092592592592592
2 0.16041666666666668 0.24259259259259258 0.010416666666666666 0.04259259259259259
2 0.10911458333333333 0.3435185185185185 0.011979166666666667 0.03333333333333333
2 0.15625 0.2759259259259259 0.011458333333333333 0.044444444444444446
2 0.284375 0.3050925925925926 0.010416666666666666 0.05092592592592592
0 0.6625 0.5708333333333333 0.007291666666666667 0.012037037037037037
2 0.5911458333333334 0.2412037037037037 0.009375 0.041666666666666664
2 0.4953125 0.33240740740740743 0.016666666666666666 0.053703703703703705
2 0.5067708333333333 0.2865740740740741 0.011458333333333333 0.05092592592592592
1 0.9361979166666666 0.3189814814814815 0.0140625 0.05462962962962963
2 0.11171875 0.43333333333333335 0.015104166666666667 0.05740740740740741
2 0.5375 0.35694444444444445 0.013541666666666667 0.058333333333333334
2 0.11770833333333333 0.37777777777777777 0.019791666666666666 0.05555555555555555
2 0.47604166666666664 0.41574074074074074 0.013541666666666667 0.06666666666666667
2 0.6671875 0.3175925925925926 0.010416666666666666 0.053703703703703705
2 0.453125 0.375 0.0125 0.05740740740740741
2 0.2596354166666667 0.3458333333333333 0.0140625 0.05462962962962963
2 0.48359375 0.4773148148148148 0.015104166666666667 0.075
2 0.3885416666666667 0.6175925925925926 0.030208333333333334 0.08888888888888889
2 0.34609375 0.5101851851851852 0.0234375 0.07037037037037037
2 0.8875 0.5314814814814814 0.01875 0.08888888888888889
3 0.28828125 0.3814814814814815 0.015104166666666667 0.06481481481481481
2 0.6684895833333333 0.39351851851851855 0.013020833333333334 0.07037037037037037
2 0.64375 0.6912037037037037 0.020833333333333332 0.10092592592592593
3 0.10511458333333333 0.22822222222222222 0.010890625000000013 0.04645370370370372