2 0.59296875 0.6689814814814815 0.027604166666666666 0.04722222222222222
2 0.23854166666666668 0.3537037037037037 0.0125 0.044444444444444446
3 0.975 0.6722222222222223 0.028125 0.07777777777777778
2 0.28958333333333336 0.36157407407407405 0.009375 0.04351851851851852
2 0.5015625 0.31666666666666665 0.009375 0.03888888888888889
2 0.3190104166666667 0.41712962962962963 0.0109375 0.05462962962962963
2 0.43385416666666665 0.33101851851851855 0.008333333333333333 0.041666666666666664
2 0.5932291666666667 0.3819444444444444 0.010416666666666666 0.05277777777777778
2 0.20755208333333333 0.44305555555555554 0.0109375 0.06018518518518518
1 0.9395833333333333 0.4050925925925926 0.0125 0.05462962962962963
2 0.196875 0.43333333333333335 0.013541666666666667 0.05925925925925926
3 0.3059895833333333 0.4532407407407407 0.013020833333333334 0.06018518518518518
2 0.73671875 0.55 0.016145833333333335 0.07222222222222222
2 0.75390625 0.4675925925925926 0.021354166666666667 0.05555555555555555
2 0.6716145833333333 0.6337962962962963 0.0265625 0.0787037037037037
2 0.12604166666666666 0.5949074074074074 0.019791666666666666 0.08055555555555556
2 0.7502604166666667 0.6277777777777778 0.0203125 0.06111111111111111
2 0.5838541666666667 0.3972222222222222 0.0125 0.05555555555555555
2 0.91015625 0.5902777777777778 0.022395833333333334 0.0787037037037037
2 0.8138020833333334 0.6666666666666666 0.018229166666666668 0.08703703703703704
2 0.29609375 0.6300925925925925 0.0203125 0.08611111111111111
2 0.14583333333333334 0.712037037037037 0.022916666666666665 0.09259259259259259
0 0.746703125 0.48912037037037037 0.006671874999999971 0.01315740740740744
2 0.30669270833333334 0.3096296296296296 0.01264062499999999 0.03974999999999995
3 0.214859375 0.27762037037037035 0.008812499999999978 0.03543518518518517