2 0.18515625 0.25787037037037036 0.013020833333333334 0.04722222222222222
0 0.8190104166666666 0.5597222222222222 0.0078125 0.012037037037037037
2 0.15196354166666665 0.31624074074074077 0.016427083333333314 0.05285185185185189
2 0.53671875 0.7231481481481481 0.03802083333333333 0.10740740740740741
2 0.28359375 0.3365740740740741 0.011979166666666667 0.06018518518518518
2 0.5869791666666667 0.25833333333333336 0.011458333333333333 0.04814814814814815
2 0.46171875 0.36898148148148147 0.0171875 0.058333333333333334
2 0.44140625 0.3763888888888889 0.0234375 0.062037037037037036
2 0.68203125 0.35138888888888886 0.0203125 0.06388888888888888
2 0.49947916666666664 0.30462962962962964 0.014583333333333334 0.05185185185185185
2 0.78515625 0.412962962962963 0.016145833333333335 0.07037037037037037
3 0.2518229166666667 0.43425925925925923 0.015104166666666667 0.07777777777777778
2 0.5177083333333333 0.4773148148148148 0.017708333333333333 0.0787037037037037
2 0.12109375 0.4527777777777778 0.015104166666666667 0.07777777777777778
2 0.275 0.4046296296296296 0.021875 0.06851851851851852
2 0.159375 0.662962962962963 0.022916666666666665 0.1
2 0.42135416666666664 0.4824074074074074 0.020833333333333332 0.08148148148148149
2 0.030729166666666665 0.6023148148148149 0.023958333333333335 0.09722222222222222
2 0.5763020833333333 0.7449074074074075 0.0359375 0.11018518518518519
2 0.85859375 0.5319444444444444 0.0171875 0.08611111111111111
2 0.07395833333333333 0.4527777777777778 0.028125 0.08333333333333333
2 0.38333333333333336 0.5962962962962963 0.03229166666666667 0.08888888888888889
3 0.129171875 0.22584259259259257 0.01115104166666665 0.046861111111111124