2 0.68359375 0.9736111111111111 0.025520833333333333 0.05092592592592592
2 0.8395833333333333 0.24259259259259258 0.010416666666666666 0.04259259259259259
2 0.8908854166666667 0.3435185185185185 0.011979166666666667 0.03333333333333333
2 0.84375 0.2759259259259259 0.011458333333333333 0.044444444444444446
2 0.715625 0.3050925925925926 0.010416666666666666 0.05092592592592592
0 0.3375 0.5708333333333333 0.007291666666666667 0.012037037037037037
2 0.4088541666666667 0.2412037037037037 0.009375 0.041666666666666664
2 0.5046875 0.33240740740740743 0.016666666666666666 0.053703703703703705
2 0.49322916666666666 0.2865740740740741 0.011458333333333333 0.05092592592592592
1 0.06380208333333333 0.3189814814814815 0.0140625 0.05462962962962963
2 0.88828125 0.43333333333333335 0.015104166666666667 0.05740740740740741
2 0.4625 0.35694444444444445 0.013541666666666667 0.058333333333333334
2 0.8822916666666667 0.37777777777777777 0.019791666666666666 0.05555555555555555
2 0.5239583333333333 0.41574074074074074 0.013541666666666667 0.06666666666666667
2 0.3328125 0.3175925925925926 0.010416666666666666 0.053703703703703705
2 0.546875 0.375 0.0125 0.05740740740740741
2 0.7403645833333333 0.3458333333333333 0.0140625 0.05462962962962963
2 0.51640625 0.4773148148148148 0.015104166666666667 0.075
2 0.6114583333333333 0.6175925925925926 0.030208333333333334 0.08888888888888889
2 0.65390625 0.5101851851851852 0.0234375 0.07037037037037037
2 0.1125 0.5314814814814814 0.01875 0.08888888888888889
3 0.71171875 0.3814814814814815 0.015104166666666667 0.06481481481481481
2 0.33151041666666664 0.39351851851851855 0.013020833333333334 0.07037037037037037
2 0.35625 0.6912037037037037 0.020833333333333332 0.10092592592592593
3 0.8948854166666667 0.22822222222222222 0.010890624999999925 0.04645370370370372