2 0.05283333333333333 0.644175925925926 0.021296874999999993 0.06427777777777785
2 0.775 0.37037037037037035 0.011458333333333333 0.040740740740740744
1 0.15416666666666667 0.36064814814814816 0.0125 0.04722222222222222
2 0.42265625 0.37175925925925923 0.013020833333333334 0.03981481481481482
2 0.7268229166666667 0.3490740740740741 0.013020833333333334 0.040740740740740744
2 0.2903645833333333 0.4597222222222222 0.011979166666666667 0.05648148148148148
2 0.40625 0.39305555555555555 0.014583333333333334 0.04537037037037037
3 0.4427083333333333 0.462037037037037 0.013541666666666667 0.05925925925925926
2 0.26588541666666665 0.45787037037037037 0.0140625 0.05648148148148148
2 0.2916666666666667 0.6083333333333333 0.014583333333333334 0.07592592592592592
2 0.4236979166666667 0.5768518518518518 0.016145833333333335 0.07777777777777778
2 0.3606770833333333 0.5291666666666667 0.0109375 0.06944444444444445
2 0.23567708333333334 0.5550925925925926 0.019270833333333334 0.06944444444444445
2 0.06432291666666666 0.5953703703703703 0.033854166666666664 0.06111111111111111
2 0.64140625 0.6569444444444444 0.0203125 0.08796296296296297
2 0.6497395833333334 0.5453703703703704 0.0171875 0.06666666666666667
2 0.91328125 0.6375 0.016145833333333335 0.08055555555555556
2 0.5427083333333333 0.6504629629629629 0.020833333333333332 0.08055555555555556
2 0.5283854166666667 0.47824074074074074 0.016145833333333335 0.058333333333333334
2 0.78828125 0.6486111111111111 0.0234375 0.08611111111111111
2 0.31744791666666666 0.6208333333333333 0.019270833333333334 0.0824074074074074
2 0.8583333333333333 0.4912037037037037 0.016666666666666666 0.06388888888888888
3 0.5173020833333334 0.27925 0.008432291666666696 0.035583333333333286