3 0.8307760416666666 0.16274074074074074 0.012406250000000086 0.05431481481481479
2 0.5809895833333333 0.1699074074074074 0.016145833333333335 0.04722222222222222
2 0.46041666666666664 0.18564814814814815 0.014583333333333334 0.04351851851851852
2 0.39375 0.17083333333333334 0.010416666666666666 0.049074074074074076
2 0.31536458333333334 0.1814814814814815 0.0109375 0.05185185185185185
2 0.475 0.20277777777777778 0.019791666666666666 0.05
2 0.73515625 0.19074074074074074 0.009895833333333333 0.05555555555555555
2 0.5401041666666667 0.19398148148148148 0.016666666666666666 0.06388888888888888
2 0.55390625 0.19675925925925927 0.013020833333333334 0.058333333333333334
2 0.34609375 0.18981481481481483 0.0140625 0.044444444444444446
2 0.80546875 0.19490740740740742 0.013020833333333334 0.05648148148148148
2 0.37109375 0.1625 0.0140625 0.04351851851851852
2 0.8658854166666666 0.2652777777777778 0.0140625 0.06944444444444445
2 0.30026041666666664 0.19768518518518519 0.019270833333333334 0.04537037037037037
2 0.715625 0.262037037037037 0.016666666666666666 0.06666666666666667
2 0.22552083333333334 0.24351851851851852 0.014583333333333334 0.06666666666666667
3 0.44479166666666664 0.2439814814814815 0.016666666666666666 0.06388888888888888
2 0.3690104166666667 0.23148148148148148 0.013020833333333334 0.06481481481481481
2 0.7364583333333333 0.36944444444444446 0.015625 0.08518518518518518
2 0.23828125 0.3263888888888889 0.0140625 0.075
2 0.5455729166666666 0.32222222222222224 0.0171875 0.07777777777777778
2 0.14791666666666667 0.32407407407407407 0.014583333333333334 0.07407407407407407