3 0.21571875000000001 0.2210462962962963 0.010223958333333331 0.04124074074074076
0 0.790625 0.32083333333333336 0.00625 0.012037037037037037
2 0.34348958333333335 0.24351851851851852 0.008854166666666666 0.03888888888888889
2 0.1140625 0.4537037037037037 0.017708333333333333 0.07222222222222222
2 0.40546875 0.2791666666666667 0.013020833333333334 0.041666666666666664
2 0.25885416666666666 0.27870370370370373 0.011458333333333333 0.046296296296296294
2 0.10390625 0.47453703703703703 0.013020833333333334 0.06388888888888888
2 0.6302083333333334 0.2601851851851852 0.010416666666666666 0.044444444444444446
2 0.27682291666666664 0.32222222222222224 0.019270833333333334 0.05
2 0.153125 0.3074074074074074 0.013541666666666667 0.05185185185185185
2 0.6778645833333333 0.2523148148148148 0.0171875 0.03981481481481482
2 0.5552083333333333 0.3162037037037037 0.0125 0.049074074074074076
2 0.52421875 0.4097222222222222 0.022395833333333334 0.06574074074074074
2 0.6815104166666667 0.3148148148148148 0.018229166666666668 0.040740740740740744
2 0.19791666666666666 0.35462962962962963 0.014583333333333334 0.06111111111111111
2 0.5065104166666666 0.475462962962963 0.0234375 0.06759259259259259
2 0.4434895833333333 0.39675925925925926 0.0203125 0.062037037037037036
2 0.17708333333333334 0.4 0.022916666666666665 0.06481481481481481
3 0.31927083333333334 0.4064814814814815 0.017708333333333333 0.06851851851851852
2 0.35260416666666666 0.725462962962963 0.026041666666666668 0.10648148148148148
2 0.9075520833333334 0.3486111111111111 0.009895833333333333 0.058333333333333334
2 0.8760416666666667 0.5587962962962963 0.025 0.08981481481481482