0 0.6739583333333333 0.45092592592592595 0.00625 0.011111111111111112
2 0.3046875 0.2412037037037037 0.008333333333333333 0.03981481481481482
2 0.4046875 0.3439814814814815 0.013541666666666667 0.05462962962962963
2 0.52734375 0.3074074074074074 0.0109375 0.04814814814814815
2 0.25442708333333336 0.30925925925925923 0.009895833333333333 0.04814814814814815
2 0.6734375 0.2708333333333333 0.014583333333333334 0.04722222222222222
2 0.7140625 0.47638888888888886 0.029166666666666667 0.06574074074074074
2 0.27682291666666664 0.4009259259259259 0.0140625 0.06666666666666667
2 0.6875 0.42777777777777776 0.017708333333333333 0.06111111111111111
2 0.4674479166666667 0.4148148148148148 0.015104166666666667 0.06296296296296296
3 0.34453125 0.45092592592592595 0.0140625 0.07222222222222222
2 0.74140625 0.38055555555555554 0.0171875 0.06111111111111111
2 0.5052083333333334 0.3611111111111111 0.01875 0.05555555555555555
2 0.9505208333333334 0.41759259259259257 0.014583333333333334 0.06851851851851852
2 0.18203125 0.4046296296296296 0.0140625 0.07037037037037037
2 0.12708333333333333 0.549074074074074 0.022916666666666665 0.08888888888888889
2 0.76640625 0.4875 0.0296875 0.07314814814814814
2 0.52265625 0.5402777777777777 0.0171875 0.08425925925925926
2 0.3255208333333333 0.6694444444444444 0.034375 0.1037037037037037
2 0.49609375 0.7675925925925926 0.033854166666666664 0.11296296296296296
2 0.18463541666666666 0.6912037037037037 0.030729166666666665 0.10092592592592593
2 0.6078125 0.5550925925925926 0.026041666666666668 0.08611111111111111
3 0.269921875 0.22474074074074074 0.010208333333333286 0.04322222222222223