2 0.4744791666666667 0.25046296296296294 0.011458333333333333 0.049074074074074076
2 0.5666666666666667 0.24027777777777778 0.008333333333333333 0.04722222222222222
2 0.52909375 0.2539814814814815 0.01264583333333332 0.04944444444444442
2 0.48385416666666664 0.2625 0.021875 0.05092592592592592
2 0.4557291666666667 0.23703703703703705 0.013541666666666667 0.046296296296296294
2 0.40572916666666664 0.24722222222222223 0.009375 0.05185185185185185
2 0.6734375 0.2550925925925926 0.009375 0.05462962962962963
2 0.5513020833333333 0.25462962962962965 0.009895833333333333 0.040740740740740744
2 0.6596354166666667 0.25555555555555554 0.0109375 0.05185185185185185
2 0.86171875 0.274537037037037 0.008854166666666666 0.05277777777777778
1 0.14244791666666667 0.26944444444444443 0.015104166666666667 0.06111111111111111
2 0.41848958333333336 0.2972222222222222 0.0140625 0.05555555555555555
2 0.3489583333333333 0.27546296296296297 0.0125 0.05462962962962963
2 0.9177083333333333 0.27314814814814814 0.013541666666666667 0.05740740740740741
2 0.27447916666666666 0.31574074074074077 0.015625 0.05740740740740741
3 0.6421875 0.2759259259259259 0.015625 0.05555555555555555
2 0.88125 0.34629629629629627 0.020833333333333332 0.06481481481481481
2 0.5614583333333333 0.2865740740740741 0.016666666666666666 0.058333333333333334
2 0.8481770833333333 0.34629629629629627 0.0140625 0.06666666666666667
2 0.5143229166666666 0.38564814814814813 0.027604166666666666 0.06388888888888888
0 0.51978125 0.2713611111111111 0.005348958333333324 0.01045370370370367
2 0.5309427083333333 0.21024074074074076 0.011010416666666719 0.03675925925925925
2 0.5260572916666667 0.23948148148148146 0.014036458333333357 0.04710185185185185