2 0.6164427083333333 0.19535185185185183 0.02038020833333339 0.05887962962962961
3 0.22888541666666665 0.12841666666666665 0.014020833333333312 0.06168518518518519
2 0.6098958333333333 0.21064814814814814 0.026041666666666668 0.0712962962962963
2 0.5583333333333333 0.16435185185185186 0.020833333333333332 0.05648148148148148
2 0.39401041666666664 0.19398148148148148 0.018229166666666668 0.06944444444444445
2 0.33203125 0.18796296296296297 0.0140625 0.06666666666666667
2 0.4484375 0.19027777777777777 0.0125 0.06574074074074074
2 0.29140625 0.2412037037037037 0.0140625 0.0712962962962963
2 0.5138020833333333 0.17916666666666667 0.013020833333333334 0.06018518518518518
2 0.5440104166666667 0.19212962962962962 0.0171875 0.062037037037037036
2 0.26901041666666664 0.1865740740740741 0.013020833333333334 0.0712962962962963
2 0.6755208333333333 0.17592592592592593 0.021875 0.06481481481481481
2 0.7822916666666667 0.2050925925925926 0.013541666666666667 0.06944444444444445
2 0.30026041666666664 0.3023148148148148 0.019270833333333334 0.08425925925925926
3 0.45703125 0.26481481481481484 0.018229166666666668 0.07962962962962963
2 0.48020833333333335 0.22546296296296298 0.013541666666666667 0.07314814814814814
2 0.23645833333333333 0.24027777777777778 0.019791666666666666 0.075
2 0.80546875 0.25324074074074077 0.022395833333333334 0.07685185185185185
2 0.6578125 0.21296296296296297 0.027083333333333334 0.06296296296296296
2 0.76796875 0.32546296296296295 0.0171875 0.08425925925925926
2 0.7036458333333333 0.28425925925925927 0.030208333333333334 0.07777777777777778
2 0.39272395833333335 0.15774074074074076 0.021104166666666656 0.06281481481481485
0 0.5660260416666667 0.13800925925925928 0.004666666666666685 0.009166666666666646