2 0.6416666666666667 0.3439814814814815 0.011458333333333333 0.041666666666666664
2 0.5817708333333333 0.26157407407407407 0.008333333333333333 0.03796296296296296
2 0.3333333333333333 0.37083333333333335 0.0125 0.04722222222222222
2 0.8216145833333334 0.46620370370370373 0.0140625 0.03796296296296296
2 0.640625 0.3726851851851852 0.010416666666666666 0.05648148148148148
2 0.6713541666666667 0.2986111111111111 0.008333333333333333 0.041666666666666664
2 0.465625 0.3162037037037037 0.013541666666666667 0.03981481481481482
2 0.8213541666666667 0.5092592592592593 0.014583333333333334 0.07407407407407407
2 0.5278645833333333 0.3416666666666667 0.009895833333333333 0.046296296296296294
2 0.27447916666666666 0.2916666666666667 0.009375 0.046296296296296294
2 0.5372395833333333 0.44537037037037036 0.013020833333333334 0.06481481481481481
2 0.33958333333333335 0.38657407407407407 0.0125 0.05462962962962963
2 0.1515625 0.38935185185185184 0.010416666666666666 0.06018518518518518
2 0.753125 0.39490740740740743 0.016666666666666666 0.06018518518518518
2 0.77734375 0.3787037037037037 0.013020833333333334 0.05925925925925926
2 0.47317708333333336 0.7199074074074074 0.018229166666666668 0.09722222222222222
2 0.7911458333333333 0.43333333333333335 0.017708333333333333 0.06481481481481481
2 0.4192708333333333 0.4583333333333333 0.0125 0.07222222222222222
3 0.6252604166666667 0.45092592592592595 0.013020833333333334 0.06851851851851852
2 0.5080729166666667 0.4773148148148148 0.0171875 0.06759259259259259
2 0.12578125 0.5740740740740741 0.019270833333333334 0.08703703703703704
3 0.7067343749999999 0.2477685185185185 0.010744791666666724 0.04027777777777778
0 0.328265625 0.38723148148148145 0.00735416666666661 0.013129629629629583