2 0.35833333333333334 0.3439814814814815 0.011458333333333333 0.041666666666666664
2 0.41822916666666665 0.26157407407407407 0.008333333333333333 0.03796296296296296
2 0.6666666666666666 0.37083333333333335 0.0125 0.04722222222222222
2 0.17838541666666666 0.46620370370370373 0.0140625 0.03796296296296296
2 0.359375 0.3726851851851852 0.010416666666666666 0.05648148148148148
2 0.32864583333333336 0.2986111111111111 0.008333333333333333 0.041666666666666664
2 0.534375 0.3162037037037037 0.013541666666666667 0.03981481481481482
2 0.17864583333333334 0.5092592592592593 0.014583333333333334 0.07407407407407407
2 0.47213541666666664 0.3416666666666667 0.009895833333333333 0.046296296296296294
2 0.7255208333333333 0.2916666666666667 0.009375 0.046296296296296294
2 0.4627604166666667 0.44537037037037036 0.013020833333333334 0.06481481481481481
2 0.6604166666666667 0.38657407407407407 0.0125 0.05462962962962963
2 0.8484375 0.38935185185185184 0.010416666666666666 0.06018518518518518
2 0.246875 0.39490740740740743 0.016666666666666666 0.06018518518518518
2 0.22265625 0.3787037037037037 0.013020833333333334 0.05925925925925926
2 0.5268229166666667 0.7199074074074074 0.018229166666666668 0.09722222222222222
2 0.20885416666666667 0.43333333333333335 0.017708333333333333 0.06481481481481481
2 0.5807291666666666 0.4583333333333333 0.0125 0.07222222222222222
3 0.37473958333333335 0.45092592592592595 0.013020833333333334 0.06851851851851852
2 0.49192708333333335 0.4773148148148148 0.0171875 0.06759259259259259
2 0.87421875 0.5740740740740741 0.019270833333333334 0.08703703703703704
3 0.29326562500000003 0.2477685185185185 0.010744791666666724 0.04027777777777778
0 0.671734375 0.38723148148148145 0.00735416666666661 0.013129629629629583