2 0.49270833333333336 0.20462962962962963 0.008333333333333333 0.05
2 0.48072916666666665 0.18333333333333332 0.011458333333333333 0.05185185185185185
2 0.42109375 0.20092592592592592 0.0078125 0.044444444444444446
2 0.70546875 0.20925925925925926 0.011979166666666667 0.06111111111111111
2 0.44947916666666665 0.18888888888888888 0.016666666666666666 0.05740740740740741
2 0.3875 0.1986111111111111 0.009375 0.06388888888888888
2 0.6020833333333333 0.18287037037037038 0.014583333333333334 0.05462962962962963
2 0.5651041666666666 0.21157407407407408 0.016666666666666666 0.05462962962962963
2 0.5544270833333333 0.21435185185185185 0.016145833333333335 0.05648148148148148
2 0.6591145833333333 0.2152777777777778 0.0140625 0.06018518518518518
2 0.6981770833333333 0.25324074074074077 0.0140625 0.06759259259259259
2 0.490625 0.25092592592592594 0.016666666666666666 0.07037037037037037
2 0.23307291666666666 0.2675925925925926 0.016145833333333335 0.07222222222222222
2 0.41432291666666665 0.23703703703703705 0.018229166666666668 0.07037037037037037
2 0.734375 0.26157407407407407 0.017708333333333333 0.0712962962962963
2 0.3109375 0.2898148148148148 0.01875 0.07037037037037037
2 0.7234375 0.325 0.014583333333333334 0.08333333333333333
2 0.2721354166666667 0.22685185185185186 0.0203125 0.06481481481481481
3 0.5364583333333334 0.28888888888888886 0.021875 0.07592592592592592
2 0.25885416666666666 0.34074074074074073 0.025 0.08148148148148149
3 0.765359375 0.15451851851851853 0.013682291666666657 0.05574074074074073
0 0.5388020833333333 0.04273148148148148 0.006911458333333324 0.013083333333333329