2 0.40703125 0.6689814814814815 0.027604166666666666 0.04722222222222222
2 0.7614583333333333 0.3537037037037037 0.0125 0.044444444444444446
3 0.025 0.6722222222222223 0.028125 0.07777777777777778
2 0.7104166666666667 0.36157407407407405 0.009375 0.04351851851851852
2 0.4984375 0.31666666666666665 0.009375 0.03888888888888889
2 0.6809895833333334 0.41712962962962963 0.0109375 0.05462962962962963
2 0.5661458333333333 0.33101851851851855 0.008333333333333333 0.041666666666666664
2 0.40677083333333336 0.3819444444444444 0.010416666666666666 0.05277777777777778
2 0.7924479166666667 0.44305555555555554 0.0109375 0.06018518518518518
1 0.06041666666666667 0.4050925925925926 0.0125 0.05462962962962963
2 0.803125 0.43333333333333335 0.013541666666666667 0.05925925925925926
3 0.6940104166666666 0.4532407407407407 0.013020833333333334 0.06018518518518518
2 0.26328125 0.55 0.016145833333333335 0.07222222222222222
2 0.24609375 0.4675925925925926 0.021354166666666667 0.05555555555555555
2 0.32838541666666665 0.6337962962962963 0.0265625 0.0787037037037037
2 0.8739583333333333 0.5949074074074074 0.019791666666666666 0.08055555555555556
2 0.24973958333333332 0.6277777777777778 0.0203125 0.06111111111111111
2 0.4161458333333333 0.3972222222222222 0.0125 0.05555555555555555
2 0.08984375 0.5902777777777778 0.022395833333333334 0.0787037037037037
2 0.18619791666666666 0.6666666666666666 0.018229166666666668 0.08703703703703704
2 0.70390625 0.6300925925925925 0.0203125 0.08611111111111111
2 0.8541666666666666 0.712037037037037 0.022916666666666665 0.09259259259259259
0 0.253296875 0.48912037037037037 0.006671874999999971 0.01315740740740744
2 0.6933072916666667 0.3096296296296296 0.01264062499999999 0.03974999999999995
3 0.785140625 0.27762037037037035 0.008812500000000037 0.03543518518518517