2 0.5005208333333333 0.2726851851851852 0.00625 0.028703703703703703
2 0.41770833333333335 0.3648148148148148 0.007291666666666667 0.037037037037037035
2 0.70078125 0.31296296296296294 0.0067708333333333336 0.027777777777777776
2 0.5518229166666667 0.37222222222222223 0.008854166666666666 0.03888888888888889
2 0.46536458333333336 0.2962962962962963 0.0078125 0.03148148148148148
2 0.5731770833333333 0.3625 0.008854166666666666 0.03425925925925926
2 0.40572916666666664 0.3921296296296296 0.008333333333333333 0.04537037037037037
1 0.23897395833333332 0.3726851851851852 0.0125 0.041666666666666664
2 0.7091145833333333 0.4162037037037037 0.0078125 0.03981481481481482
2 0.3963541666666667 0.4013888888888889 0.008333333333333333 0.04351851851851852
2 0.37265625 0.42268518518518516 0.008854166666666666 0.04351851851851852
2 0.46953125 0.4101851851851852 0.0078125 0.03888888888888889
2 0.5372395833333333 0.42824074074074076 0.011979166666666667 0.03981481481481482
2 0.35859375 0.43425925925925923 0.009895833333333333 0.044444444444444446
3 0.39869791666666665 0.48009259259259257 0.009895833333333333 0.04722222222222222
2 0.72890625 0.512962962962963 0.015104166666666667 0.03888888888888889
2 0.37864583333333335 0.5365740740740741 0.009375 0.05277777777777778
2 0.20859375 0.7523148148148148 0.015104166666666667 0.062037037037037036
2 0.7927083333333333 0.42824074074074076 0.014583333333333334 0.04537037037037037
2 0.30755208333333334 0.5342592592592592 0.013020833333333334 0.05
3 0.8796875 0.9740740740740741 0.01875 0.05185185185185185
2 0.48854166666666665 0.5981481481481481 0.015625 0.05740740740740741
2 0.6942708333333333 0.6578703703703703 0.014583333333333334 0.06759259259259259
3 0.49747916666666664 0.2533888888888889 0.007104166666666719 0.027305555555555566
0 0.7413697916666667 0.4863981481481481 0.004927083333333352 0.009259259259259259