2 0.49947916666666664 0.2726851851851852 0.00625 0.028703703703703703
2 0.5822916666666667 0.3648148148148148 0.007291666666666667 0.037037037037037035
2 0.29921875 0.31296296296296294 0.0067708333333333336 0.027777777777777776
2 0.44817708333333334 0.37222222222222223 0.008854166666666666 0.03888888888888889
2 0.5346354166666667 0.2962962962962963 0.0078125 0.03148148148148148
2 0.42682291666666666 0.3625 0.008854166666666666 0.03425925925925926
2 0.5942708333333333 0.3921296296296296 0.008333333333333333 0.04537037037037037
1 0.7610260416666667 0.3726851851851852 0.0125 0.041666666666666664
2 0.2908854166666667 0.4162037037037037 0.0078125 0.03981481481481482
2 0.6036458333333333 0.4013888888888889 0.008333333333333333 0.04351851851851852
2 0.62734375 0.42268518518518516 0.008854166666666666 0.04351851851851852
2 0.53046875 0.4101851851851852 0.0078125 0.03888888888888889
2 0.4627604166666667 0.42824074074074076 0.011979166666666667 0.03981481481481482
2 0.64140625 0.43425925925925923 0.009895833333333333 0.044444444444444446
3 0.6013020833333333 0.48009259259259257 0.009895833333333333 0.04722222222222222
2 0.27109375 0.512962962962963 0.015104166666666667 0.03888888888888889
2 0.6213541666666667 0.5365740740740741 0.009375 0.05277777777777778
2 0.79140625 0.7523148148148148 0.015104166666666667 0.062037037037037036
2 0.20729166666666668 0.42824074074074076 0.014583333333333334 0.04537037037037037
2 0.6924479166666667 0.5342592592592592 0.013020833333333334 0.05
3 0.1203125 0.9740740740740741 0.01875 0.05185185185185185
2 0.5114583333333333 0.5981481481481481 0.015625 0.05740740740740741
2 0.30572916666666666 0.6578703703703703 0.014583333333333334 0.06759259259259259
3 0.5025208333333333 0.2533888888888889 0.007104166666666719 0.027305555555555566
0 0.2586302083333333 0.4863981481481481 0.004927083333333352 0.009259259259259259