0 0.7989583333333333 0.5111111111111111 0.005208333333333333 0.011111111111111112
2 0.55546875 0.38425925925925924 0.008854166666666666 0.04259259259259259
2 0.5135416666666667 0.2824074074074074 0.00625 0.027777777777777776
2 0.7174479166666666 0.32083333333333336 0.0078125 0.032407407407407406
2 0.45989583333333334 0.3060185185185185 0.010416666666666666 0.032407407407407406
2 0.4127604166666667 0.37777777777777777 0.0078125 0.04259259259259259
1 0.225 0.36875 0.008333333333333333 0.04259259259259259
2 0.39557291666666666 0.3907407407407407 0.009895833333333333 0.040740740740740744
2 0.82578125 0.42314814814814816 0.0109375 0.03888888888888889
2 0.3859375 0.4425925925925926 0.011458333333333333 0.04814814814814815
2 0.34427083333333336 0.475462962962963 0.011458333333333333 0.05277777777777778
2 0.35598958333333336 0.42916666666666664 0.0067708333333333336 0.04351851851851852
2 0.5479166666666667 0.4046296296296296 0.009375 0.04259259259259259
2 0.4354166666666667 0.4634259259259259 0.008333333333333333 0.04351851851851852
2 0.18958333333333333 0.7481481481481481 0.014583333333333334 0.06296296296296296
2 0.6919270833333333 0.475462962962963 0.0109375 0.04351851851851852
2 0.31640625 0.5513888888888889 0.0140625 0.058333333333333334
2 0.5940104166666667 0.6782407407407407 0.015104166666666667 0.0712962962962963
3 0.39318229166666663 0.5176759259259259 0.0125 0.05555555555555555
2 0.39348958333333334 0.6388888888888888 0.0140625 0.06296296296296296
2 0.5161458333333333 0.5083333333333333 0.010416666666666666 0.05740740740740741
2 0.734375 0.6143518518518518 0.014583333333333334 0.06018518518518518
2 0.8901041666666667 0.9740740740740741 0.021875 0.05
2 0.3106770833333333 0.6222222222222222 0.0171875 0.06481481481481481
3 0.5080104166666667 0.2509537037037037 0.009380208333333329 0.03551851851851853