3 0.35190104166666664 0.24157407407407405 0.006932291666666638 0.0253981481481481
1 0.9856770833333334 0.362962962962963 0.011979166666666667 0.03888888888888889
2 0.6515625 0.26064814814814813 0.00625 0.023148148148148147
2 0.33255208333333336 0.29074074074074074 0.009895833333333333 0.03148148148148148
3 0.40963541666666664 0.4263888888888889 0.0140625 0.041666666666666664
2 0.29514583333333333 0.4415648148148148 0.015286458333333286 0.03869444444444441
2 0.41067708333333336 0.46574074074074073 0.015104166666666667 0.05
2 0.4557291666666667 0.32916666666666666 0.0125 0.03611111111111111
2 0.5286458333333334 0.44537037037037036 0.008333333333333333 0.044444444444444446
2 0.47239583333333335 0.32083333333333336 0.008333333333333333 0.03611111111111111
2 0.27838541666666666 0.36527777777777776 0.013020833333333334 0.03981481481481482
1 0.031510416666666666 0.4166666666666667 0.018229166666666668 0.044444444444444446
2 0.30364583333333334 0.3587962962962963 0.010416666666666666 0.03611111111111111
2 0.5393229166666667 0.39305555555555555 0.0109375 0.03796296296296296
2 0.23802083333333332 0.4361111111111111 0.015625 0.044444444444444446
2 0.7348958333333333 0.35833333333333334 0.008333333333333333 0.037037037037037035
2 0.21640625 0.5592592592592592 0.021354166666666667 0.04814814814814815
2 0.21588541666666666 0.5 0.0203125 0.05
2 0.5203125 0.5263888888888889 0.011458333333333333 0.05277777777777778
2 0.28984375 0.8555555555555555 0.021354166666666667 0.06851851851851852
3 0.96875 0.8962962962962963 0.022916666666666665 0.08148148148148149
2 0.2890625 0.6759259259259259 0.019791666666666666 0.06296296296296296
2 0.5734375 0.625 0.026041666666666668 0.06296296296296296
2 0.20182291666666666 0.5777777777777777 0.025520833333333333 0.04814814814814815
2 0.4128697916666667 0.25435185185185183 0.008067708333333338 0.03561111111111114
0 0.5636666666666666 0.6499351851851851 0.006598958333333372 0.012675925925925976