2 0.79765625 0.6055555555555555 0.011979166666666667 0.046296296296296294
2 0.6848958333333334 0.4638888888888889 0.014583333333333334 0.04259259259259259
2 0.6630052083333333 0.41255555555555556 0.008369791666666753 0.0397037037037037
2 0.709375 0.4740740740740741 0.009375 0.044444444444444446
2 0.5552083333333333 0.44537037037037036 0.008333333333333333 0.04259259259259259
0 0.5822916666666667 0.6754629629629629 0.00625 0.012037037037037037
2 0.22447916666666667 0.45555555555555555 0.0125 0.05740740740740741
2 0.5114583333333333 0.4166666666666667 0.011458333333333333 0.044444444444444446
2 0.8020833333333334 0.6439814814814815 0.017708333333333333 0.058333333333333334
2 0.7880208333333333 0.5055555555555555 0.013541666666666667 0.046296296296296294
2 0.31015625 0.587037037037037 0.009895833333333333 0.05740740740740741
2 0.42890625 0.49722222222222223 0.0140625 0.053703703703703705
3 0.20279687499999993 0.9224444444444444 0.028177083333333346 0.0763703703703704
3 0.5838541666666667 0.4949074074074074 0.010416666666666666 0.049074074074074076
2 0.7802083333333333 0.6523148148148148 0.016666666666666666 0.06018518518518518
2 0.22083333333333333 0.7180555555555556 0.01875 0.06574074074074074
2 0.6268229166666667 0.6226851851851852 0.0171875 0.05277777777777778
2 0.39557291666666666 0.3402777777777778 0.009895833333333333 0.03796296296296296
2 0.6075520833333333 0.6472222222222223 0.024479166666666666 0.06111111111111111
2 0.8101145833333334 0.5969351851851853 0.014109375000000075 0.04678703703703701
1 0.7488854166666667 0.3486574074074074 0.012723958333333249 0.03659259259259257
2 0.552734375 0.34532407407407406 0.009437499999999942 0.03577777777777776
2 0.6604791666666666 0.40114814814814814 0.010947916666666658 0.0356388888888889
3 0.50965625 0.24733333333333335 0.008692708333333361 0.024981481481481497