2 0.39791666666666664 0.3597222222222222 0.007291666666666667 0.03611111111111111
2 0.47239583333333335 0.3277777777777778 0.007291666666666667 0.03148148148148148
2 0.6036458333333333 0.3384259259259259 0.007291666666666667 0.025
2 0.36822916666666666 0.39166666666666666 0.010416666666666666 0.03888888888888889
1 0.1890625 0.37592592592592594 0.007291666666666667 0.037037037037037035
2 0.51796875 0.3314814814814815 0.0078125 0.02962962962962963
2 0.4518229166666667 0.3384259259259259 0.0067708333333333336 0.032407407407407406
2 0.4161458333333333 0.36342592592592593 0.007291666666666667 0.032407407407407406
2 0.5778645833333333 0.4050925925925926 0.008854166666666666 0.03611111111111111
2 0.459375 0.4023148148148148 0.009375 0.041666666666666664
3 0.4971770833333334 0.36018518518518516 0.0078125 0.03333333333333333
2 0.61328125 0.3375 0.0067708333333333336 0.030555555555555555
2 0.81953125 0.4217592592592593 0.0078125 0.03611111111111111
2 0.4671875 0.4300925925925926 0.010416666666666666 0.03981481481481482
2 0.35625 0.4050925925925926 0.009375 0.03981481481481482
2 0.3736979166666667 0.4787037037037037 0.0109375 0.04259259259259259
2 0.321875 0.4444444444444444 0.008333333333333333 0.046296296296296294
2 0.7138020833333333 0.4527777777777778 0.008854166666666666 0.044444444444444446
2 0.29661458333333335 0.44074074074074077 0.011979166666666667 0.040740740740740744
2 0.40182291666666664 0.6157407407407407 0.009895833333333333 0.053703703703703705
2 0.8283854166666667 0.4699074074074074 0.0109375 0.04537037037037037
2 0.8580729166666666 0.5106481481481482 0.011979166666666667 0.04351851851851852
3 0.8116979166666667 0.33912037037037035 0.007718750000000085 0.029824074074074107