3 0.4596354166666667 0.24768518518518517 0.008854166666666666 0.025
2 0.16171875 0.3425925925925926 0.0067708333333333336 0.03333333333333333
0 0.40390625 0.7111111111111111 0.008854166666666666 0.011111111111111112
1 0.7364583333333333 0.3560185185185185 0.007291666666666667 0.03611111111111111
2 0.4265625 0.29259259259259257 0.007291666666666667 0.03518518518518519
3 0.096875 0.9851851851851852 0.013541666666666667 0.027777777777777776
2 0.5096354166666667 0.30925925925925923 0.009895833333333333 0.03333333333333333
2 0.49192708333333335 0.6393518518518518 0.016145833333333335 0.06388888888888888
2 0.59140625 0.37777777777777777 0.011979166666666667 0.03888888888888889
2 0.4981770833333333 0.6601851851851852 0.0171875 0.06111111111111111
2 0.6330729166666667 0.4324074074074074 0.011979166666666667 0.040740740740740744
3 0.5877604166666667 0.5194444444444445 0.0109375 0.05185185185185185
2 0.5979166666666667 0.48564814814814816 0.013541666666666667 0.05277777777777778
2 0.178125 0.7708333333333334 0.0125 0.06944444444444445
2 0.5580729166666667 0.36944444444444446 0.0067708333333333336 0.040740740740740744
2 0.39947916666666666 0.4083333333333333 0.009375 0.044444444444444446
2 0.7614583333333333 0.7185185185185186 0.013541666666666667 0.06296296296296296
2 0.42265625 0.39814814814814814 0.0140625 0.040740740740740744
2 0.1828125 0.4722222222222222 0.013541666666666667 0.05
2 0.6893229166666667 0.475462962962963 0.0140625 0.04537037037037037
2 0.33046875 0.5472222222222223 0.019270833333333334 0.04814814814814815
2 0.67734375 0.5481481481481482 0.018229166666666668 0.053703703703703705
2 0.7466145833333333 0.6578703703703703 0.016145833333333335 0.06388888888888888
2 0.6231770833333333 0.624537037037037 0.0171875 0.062037037037037036
2 0.5901666666666666 0.5014351851851852 0.011989583333333324 0.05250925925925929