2 0.6440104166666667 0.24074074074074073 0.0109375 0.03888888888888889
2 0.8013020833333333 0.2865740740740741 0.0109375 0.04351851851851852
2 0.8169270833333333 0.3300925925925926 0.009895833333333333 0.05462962962962963
2 0.7552083333333334 0.36157407407407405 0.011458333333333333 0.05277777777777778
2 0.8890625 0.34444444444444444 0.011458333333333333 0.05740740740740741
2 0.7690104166666667 0.37083333333333335 0.011979166666666667 0.058333333333333334
2 0.30052083333333335 0.2814814814814815 0.010416666666666666 0.05
2 0.8997395833333334 0.43842592592592594 0.016145833333333335 0.06574074074074074
2 0.54765625 0.31712962962962965 0.011979166666666667 0.05092592592592592
1 0.14458854166666663 0.34629629629629627 0.0140625 0.053703703703703705
2 0.5729166666666666 0.4027777777777778 0.016666666666666666 0.06296296296296296
2 0.51796875 0.3990740740740741 0.016145833333333335 0.06296296296296296
2 0.7765625 0.4634259259259259 0.014583333333333334 0.06759259259259259
2 0.4361979166666667 0.7023148148148148 0.019270833333333334 0.09166666666666666
2 0.12057291666666667 0.44675925925925924 0.0140625 0.06574074074074074
3 0.6981770833333333 0.41805555555555557 0.016145833333333335 0.06759259259259259
2 0.5950520833333334 0.5050925925925925 0.016145833333333335 0.07314814814814814
2 0.84921875 0.524074074074074 0.016145833333333335 0.07777777777777778
2 0.9104166666666667 0.524074074074074 0.01875 0.07962962962962963
2 0.9432291666666667 0.4708333333333333 0.015625 0.075
2 0.7520833333333333 0.4787037037037037 0.020833333333333332 0.06851851851851852
2 0.7916666666666666 0.6601851851851852 0.026041666666666668 0.09444444444444444
0 0.2611666666666667 0.350962962962963 0.005562499999999974 0.01272222222222223
3 0.8797552083333334 0.2445925925925926 0.009036458333333285 0.043787037037037006