3 0.20508333333333334 0.20277777777777778 0.010416666666666666 0.03888888888888889
2 0.35651041666666666 0.22407407407407406 0.009895833333333333 0.04259259259259259
2 0.43020833333333336 0.2796296296296296 0.010416666666666666 0.05
2 0.20989583333333334 0.2953703703703704 0.0125 0.05740740740740741
2 0.16666666666666666 0.34305555555555556 0.015625 0.06018518518518518
2 0.5236979166666667 0.26481481481481484 0.0109375 0.05
2 0.43385416666666665 0.3287037037037037 0.013541666666666667 0.05740740740740741
2 0.46953125 0.3287037037037037 0.0109375 0.05925925925925926
2 0.27630208333333334 0.3662037037037037 0.013020833333333334 0.062037037037037036
2 0.26796875 0.3138888888888889 0.013020833333333334 0.05185185185185185
2 0.1734375 0.37916666666666665 0.014583333333333334 0.06759259259259259
2 0.12395833333333334 0.43425925925925923 0.013541666666666667 0.07407407407407407
2 0.47317708333333336 0.38425925925925924 0.0203125 0.06296296296296296
1 0.8848958333333333 0.3148148148148148 0.013541666666666667 0.05740740740740741
2 0.6544270833333333 0.26157407407407407 0.0109375 0.05277777777777778
3 0.3190104166666667 0.34814814814814815 0.011979166666666667 0.06296296296296296
2 0.45677083333333335 0.4412037037037037 0.015625 0.0712962962962963
2 0.18020833333333333 0.4648148148148148 0.019791666666666666 0.07222222222222222
2 0.13020833333333334 0.5532407407407407 0.015625 0.08055555555555556
2 0.8666666666666667 0.45925925925925926 0.016666666666666666 0.07777777777777778
2 0.48203125 0.7342592592592593 0.022395833333333334 0.10740740740740741
2 0.37519270833333335 0.293462962962963 0.011953125000000024 0.05499074074074073
2 0.4651927083333333 0.2043888888888889 0.013255208333333357 0.04296296296296294
0 0.8684635416666667 0.3345462962962963 0.006880208333333352 0.012583333333333363