2 0.35598958333333336 0.24074074074074073 0.0109375 0.03888888888888889
2 0.19869791666666667 0.2865740740740741 0.0109375 0.04351851851851852
2 0.18307291666666667 0.3300925925925926 0.009895833333333333 0.05462962962962963
2 0.24479166666666666 0.36157407407407405 0.011458333333333333 0.05277777777777778
2 0.1109375 0.34444444444444444 0.011458333333333333 0.05740740740740741
2 0.23098958333333333 0.37083333333333335 0.011979166666666667 0.058333333333333334
2 0.6994791666666667 0.2814814814814815 0.010416666666666666 0.05
2 0.10026041666666667 0.43842592592592594 0.016145833333333335 0.06574074074074074
2 0.45234375 0.31712962962962965 0.011979166666666667 0.05092592592592592
1 0.8554114583333334 0.34629629629629627 0.0140625 0.053703703703703705
2 0.4270833333333333 0.4027777777777778 0.016666666666666666 0.06296296296296296
2 0.48203125 0.3990740740740741 0.016145833333333335 0.06296296296296296
2 0.2234375 0.4634259259259259 0.014583333333333334 0.06759259259259259
2 0.5638020833333334 0.7023148148148148 0.019270833333333334 0.09166666666666666
2 0.8794270833333333 0.44675925925925924 0.0140625 0.06574074074074074
3 0.30182291666666666 0.41805555555555557 0.016145833333333335 0.06759259259259259
2 0.4049479166666667 0.5050925925925925 0.016145833333333335 0.07314814814814814
2 0.15078125 0.524074074074074 0.016145833333333335 0.07777777777777778
2 0.08958333333333333 0.524074074074074 0.01875 0.07962962962962963
2 0.05677083333333333 0.4708333333333333 0.015625 0.075
2 0.24791666666666667 0.4787037037037037 0.020833333333333332 0.06851851851851852
2 0.20833333333333334 0.6601851851851852 0.026041666666666668 0.09444444444444444
0 0.7388333333333333 0.350962962962963 0.005562499999999915 0.01272222222222223
3 0.12024479166666667 0.2445925925925926 0.009036458333333346 0.043787037037037006