2 0.48776041666666664 0.37453703703703706 0.008854166666666666 0.032407407407407406
3 0.5119791666666667 0.4212962962962963 0.008333333333333333 0.037037037037037035
2 0.5440104166666667 0.38981481481481484 0.008854166666666666 0.03888888888888889
2 0.265625 0.4601851851851852 0.011458333333333333 0.04814814814814815
2 0.2713541666666667 0.4324074074074074 0.010416666666666666 0.046296296296296294
2 0.3390625 0.41898148148148145 0.009375 0.04351851851851852
2 0.2484375 0.4537037037037037 0.011458333333333333 0.046296296296296294
2 0.7236979166666667 0.4388888888888889 0.009895833333333333 0.046296296296296294
2 0.3546875 0.4074074074074074 0.009375 0.04259259259259259
2 0.4359375 0.4101851851851852 0.010416666666666666 0.040740740740740744
2 0.7700520833333333 0.43703703703703706 0.0078125 0.046296296296296294
2 0.62890625 0.4837962962962963 0.0109375 0.05277777777777778
2 0.4239583333333333 0.4842592592592593 0.0125 0.04814814814814815
2 0.5848958333333333 0.4740740740740741 0.009375 0.05
2 0.4401041666666667 0.4837962962962963 0.0125 0.049074074074074076
2 0.4625 0.475 0.017708333333333333 0.04259259259259259
3 0.0555052083333333 0.5604629629629629 0.022208333333333326 0.057962962962962876
2 0.340625 0.5254629629629629 0.011458333333333333 0.05462962962962963
2 0.809375 0.575925925925926 0.021875 0.06296296296296296
2 0.7328125 0.6069444444444444 0.015625 0.0712962962962963
2 0.6083333333333333 0.5796296296296296 0.01875 0.06481481481481481
1 0.22276562500000002 0.37454629629629627 0.01115104166666665 0.042101851851851876
2 0.2512291666666666 0.43603703703703706 0.010677083333333334 0.042638888888888844
0 0.4036979166666666 0.4870925925925925 0.007312499999999981 0.013555555555555649
3 0.8160260416666667 0.33075 0.01036458333333338 0.033222222222222215