2 0.4700520833333333 0.3111111111111111 0.008854166666666666 0.03333333333333333
2 0.40859375 0.3 0.0078125 0.02962962962962963
2 0.5493177083333334 0.3065555555555555 0.013161458333333324 0.03348148148148145
2 0.48776041666666664 0.3162037037037037 0.009895833333333333 0.032407407407407406
3 0.47018229166666664 0.35562962962962963 0.013041666666666648 0.04089814814814811
2 0.5067708333333333 0.36203703703703705 0.013541666666666667 0.040740740740740744
2 0.3162239583333334 0.43750925925925926 0.018588541666666694 0.05464814814814813
2 0.523546875 0.33008333333333334 0.013963541666666638 0.0334537037037037
2 0.2760416666666667 0.32731481481481484 0.013541666666666667 0.03611111111111111
2 0.6583333333333333 0.35462962962962963 0.014583333333333334 0.03888888888888889
2 0.7122395833333334 0.3773148148148148 0.015104166666666667 0.04537037037037037
2 0.4109375 0.35509259259259257 0.010416666666666666 0.03796296296296296
2 0.7052083333333333 0.3425925925925926 0.014583333333333334 0.044444444444444446
1 0.9229166666666667 0.36064814814814816 0.01875 0.04537037037037037
2 0.6997395833333333 0.47129629629629627 0.021354166666666667 0.05
2 0.61796875 0.4050925925925926 0.018229166666666668 0.049074074074074076
2 0.5369791666666667 0.37962962962962965 0.014583333333333334 0.044444444444444446
2 0.21744791666666666 0.42824074074074076 0.0171875 0.058333333333333334
3 0.016927083333333332 0.825 0.033854166666666664 0.10185185185185185
2 0.26197916666666665 0.5162037037037037 0.023958333333333335 0.05092592592592592
2 0.22578125 0.6611111111111111 0.030729166666666665 0.08888888888888889
0 0.5636510416666667 0.31850925925925927 0.005109374999999972 0.012092592592592542
3 0.6184010416666667 0.27948148148148144 0.01076041666666659 0.03624999999999998
2 0.5100364583333333 0.3045555555555556 0.016250000000000025 0.0352962962962963
2 0.3026302083333333 0.31762962962962965 0.01079166666666668 0.041009259259259224