2 0.5463541666666667 0.32685185185185184 0.011458333333333333 0.03888888888888889
2 0.57265625 0.32592592592592595 0.011979166666666667 0.03888888888888889
3 0.52421875 0.35648148148148145 0.011979166666666667 0.04259259259259259
2 0.6807291666666667 0.350462962962963 0.010416666666666666 0.04537037037037037
2 0.8138020833333334 0.4236111111111111 0.009895833333333333 0.05462962962962963
2 0.4278645833333333 0.35648148148148145 0.008854166666666666 0.044444444444444446
2 0.39739583333333334 0.35462962962962963 0.010416666666666666 0.046296296296296294
2 0.7809895833333333 0.36435185185185187 0.008854166666666666 0.04722222222222222
1 0.0328125 0.36263888888888884 0.011458333333333333 0.05092592592592592
2 0.6231770833333333 0.37916666666666665 0.0109375 0.049074074074074076
2 0.48489583333333336 0.39814814814814814 0.010416666666666666 0.04814814814814815
2 0.6565104166666667 0.41944444444444445 0.0109375 0.053703703703703705
2 0.32760416666666664 0.4222222222222222 0.0125 0.05925925925925926
2 0.6302083333333334 0.4361111111111111 0.011458333333333333 0.05925925925925926
2 0.7541666666666667 0.6106481481481482 0.014583333333333334 0.0824074074074074
2 0.35833333333333334 0.4675925925925926 0.015625 0.06481481481481481
2 0.2833333333333333 0.5347222222222222 0.015625 0.06574074074074074
2 0.19635416666666666 0.7 0.022916666666666665 0.09814814814814815
3 0.10199999999999995 0.7462962962962963 0.03524479166666668 0.1
3 0.7414322916666667 0.2881944444444444 0.008500000000000086 0.035379629629629664
2 0.67265625 0.3154166666666666 0.011098958333333304 0.03431481481481476
2 0.6485416666666667 0.31471296296296297 0.015718749999999913 0.037175925925925904
0 0.5992968750000001 0.3366203703703704 0.004520833333333248 0.009796296296296334
2 0.477515625 0.2871851851851852 0.012848958333333372 0.03700925925925928
2 0.4331354166666666 0.30426851851851855 0.012807291666666625 0.03629629629629634