2 0.4830729166666667 0.29907407407407405 0.011979166666666667 0.03148148148148148
3 0.7140052083333333 0.2883703703703704 0.009375 0.036212962962962975
2 0.5807291666666666 0.3106481481481482 0.009375 0.028703703703703703
2 0.6083333333333333 0.31574074074074077 0.015625 0.03333333333333333
3 0.5203125 0.3578703703703704 0.008333333333333333 0.041666666666666664
2 0.42604166666666665 0.3236111111111111 0.009375 0.03796296296296296
2 0.59921875 0.3347222222222222 0.011979166666666667 0.03981481481481482
2 0.5635416666666667 0.37222222222222223 0.0125 0.046296296296296294
2 0.40677083333333336 0.32314814814814813 0.008333333333333333 0.040740740740740744
2 0.69375 0.35138888888888886 0.010416666666666666 0.04537037037037037
2 0.48046875 0.3662037037037037 0.009895833333333333 0.04351851851851852
1 0.01875 0.3685185185185185 0.010416666666666666 0.05
2 0.81015625 0.36157407407407405 0.009895833333333333 0.04722222222222222
2 0.7947916666666667 0.4305555555555556 0.015625 0.05555555555555555
2 0.3533854166666667 0.44814814814814813 0.011979166666666667 0.05925925925925926
2 0.56796875 0.4050925925925926 0.011979166666666667 0.05092592592592592
2 0.5861979166666667 0.4166666666666667 0.0140625 0.05555555555555555
2 0.3145833333333333 0.425 0.011458333333333333 0.05925925925925926
2 0.32864583333333336 0.5078703703703704 0.017708333333333333 0.062037037037037036
2 0.7268229166666667 0.5935185185185186 0.019270833333333334 0.07962962962962963
2 0.16979166666666667 0.6935185185185185 0.020833333333333332 0.0962962962962963
2 0.600484375 0.314962962962963 0.010843750000000086 0.03429629629629626
0 0.5887552083333333 0.3051574074074074 0.004598958333333295 0.00787037037037037
2 0.50915625 0.2965740740740741 0.01069270833333332 0.0352962962962963
3 0.12692187500000002 0.7690925925925925 0.03068749999999998 0.10857407407407406