3 0.7049479166666667 0.274537037037037 0.008854166666666666 0.028703703703703703
0 0.5302083333333333 0.6703703703703704 0.00625 0.011111111111111112
2 0.5661354166666667 0.627824074074074 0.028244791666666675 0.05546296296296305
2 0.8377604166666667 0.6550925925925926 0.022395833333333334 0.0712962962962963
2 0.390625 0.38333333333333336 0.009375 0.04814814814814815
2 0.5098958333333333 0.3888888888888889 0.010416666666666666 0.04814814814814815
2 0.70078125 0.6185185185185185 0.013020833333333334 0.06851851851851852
2 0.6265625 0.6768518518518518 0.015625 0.06111111111111111
2 0.34713541666666664 0.3773148148148148 0.0140625 0.04722222222222222
2 0.7518229166666667 0.49212962962962964 0.0109375 0.05648148148148148
3 0.6732239583333334 0.4759259259259259 0.013020833333333334 0.05740740740740741
2 0.6419270833333334 0.6671296296296296 0.021354166666666667 0.075
2 0.6830729166666667 0.3763888888888889 0.015104166666666667 0.04722222222222222
3 0.03046875 0.7412037037037037 0.022395833333333334 0.0787037037037037
2 0.3572916666666667 0.538425925925926 0.016666666666666666 0.05648148148148148
2 0.79296875 0.6074074074074074 0.018229166666666668 0.07037037037037037
2 0.6817708333333333 0.6310185185185185 0.022916666666666665 0.06574074074074074
2 0.7119791666666667 0.6592592592592592 0.015625 0.06296296296296296
2 0.46380208333333334 0.48148148148148145 0.013020833333333334 0.053703703703703705
2 0.28125 0.4166666666666667 0.014583333333333334 0.053703703703703705
2 0.11510416666666666 0.600462962962963 0.014583333333333334 0.07314814814814814
2 0.6203125 0.5231481481481481 0.014583333333333334 0.06296296296296296
2 0.4583333333333333 0.625 0.016666666666666666 0.06296296296296296
2 0.5508854166666667 0.2913055555555556 0.009598958333333248 0.041435185185185186