2 0.5330729166666667 0.2199074074074074 0.013020833333333334 0.030555555555555555
3 0.22543749999999999 0.2100462962962963 0.009208333333333308 0.048416666666666684
2 0.6747395833333333 0.23425925925925925 0.019270833333333334 0.05185185185185185
2 0.66015625 0.2310185185185185 0.015104166666666667 0.04722222222222222
2 0.48489583333333336 0.26805555555555555 0.0125 0.05462962962962963
3 0.546875 0.30514814814814817 0.017708333333333333 0.058333333333333334
2 0.24348958333333334 0.2708333333333333 0.0140625 0.058333333333333334
2 0.5736979166666667 0.3074074074074074 0.015104166666666667 0.05555555555555555
2 0.35625 0.6194444444444445 0.017708333333333333 0.09074074074074075
2 0.37864583333333335 0.3023148148148148 0.013541666666666667 0.062037037037037036
2 0.1953125 0.3814814814814815 0.016666666666666666 0.06851851851851852
2 0.34479166666666666 0.3680555555555556 0.013541666666666667 0.06759259259259259
2 0.44192708333333336 0.38981481481481484 0.016145833333333335 0.06666666666666667
2 0.7760416666666666 0.3611111111111111 0.016666666666666666 0.06851851851851852
2 0.3723958333333333 0.4875 0.013541666666666667 0.075
2 0.7921875 0.3277777777777778 0.013541666666666667 0.06851851851851852
2 0.6192708333333333 0.4050925925925926 0.019791666666666666 0.06944444444444445
2 0.8203125 0.4263888888888889 0.01875 0.0712962962962963
2 0.8723958333333334 0.6828703703703703 0.020833333333333332 0.08981481481481482
2 0.5575520833333333 0.649074074074074 0.0234375 0.08333333333333333
2 0.8901041666666667 0.5824074074074074 0.017708333333333333 0.08148148148148149
0 0.48726041666666664 0.22867592592592592 0.00461979166666661 0.01036111111111111
2 0.4867447916666666 0.21049074074074076 0.013729166666666615 0.04728703703703703