0 0.4544270833333333 0.6291666666666667 0.008854166666666666 0.01574074074074074
3 0.6395833333333333 0.18935185185185185 0.009375 0.03981481481481482
2 0.33567708333333335 0.30185185185185187 0.0171875 0.05185185185185185
2 0.42552083333333335 0.25972222222222224 0.010416666666666666 0.04537037037037037
2 0.6442708333333333 0.3625 0.017708333333333333 0.04722222222222222
2 0.3614583333333333 0.3990740740740741 0.013541666666666667 0.06481481481481481
2 0.66640625 0.2810185185185185 0.013020833333333334 0.04722222222222222
2 0.4640625 0.6074074074074074 0.023958333333333335 0.08333333333333333
2 0.35963541666666665 0.45787037037037037 0.015104166666666667 0.0712962962962963
2 0.6947916666666667 0.3578703703703704 0.013541666666666667 0.062037037037037036
2 0.5700520833333333 0.7361111111111112 0.024479166666666666 0.08333333333333333
2 0.5614583333333333 0.33796296296296297 0.015625 0.05925925925925926
2 0.6052083333333333 0.7555555555555555 0.025 0.09074074074074075
2 0.5453125 0.6152777777777778 0.019791666666666666 0.08796296296296297
2 0.31744791666666666 0.3597222222222222 0.013020833333333334 0.06388888888888888
2 0.71484375 0.36574074074074076 0.015104166666666667 0.06296296296296296
2 0.10807291666666667 0.3925925925925926 0.015104166666666667 0.06296296296296296
3 0.6257395833333333 0.47129629629629627 0.016145833333333335 0.07222222222222222
2 0.49166666666666664 0.42685185185185187 0.016666666666666666 0.06851851851851852
2 0.5895833333333333 0.49675925925925923 0.021875 0.06944444444444445
2 0.15442708333333333 0.6717592592592593 0.0234375 0.09537037037037037
2 0.7432291666666667 0.4412037037037037 0.027083333333333334 0.07314814814814814
2 0.36666666666666664 0.6513888888888889 0.020833333333333332 0.08425925925925926