3 0.7989583333333333 0.20185185185185187 0.013541666666666667 0.044444444444444446
2 0.50234375 0.2175925925925926 0.009895833333333333 0.04259259259259259
2 0.5484375 0.20277777777777778 0.011458333333333333 0.05185185185185185
2 0.40338541666666666 0.19675925925925927 0.013020833333333334 0.049074074074074076
2 0.57421875 0.26666666666666666 0.0109375 0.05185185185185185
3 0.43515625 0.29583333333333334 0.015104166666666667 0.058333333333333334
2 0.4453125 0.2949074074074074 0.0125 0.058333333333333334
2 0.37421875 0.22777777777777777 0.015104166666666667 0.05
2 0.58984375 0.33287037037037037 0.019270833333333334 0.06574074074074074
2 0.7622395833333333 0.24212962962962964 0.016145833333333335 0.05277777777777778
2 0.21822916666666667 0.3699074074074074 0.013541666666666667 0.06944444444444445
2 0.6544270833333333 0.28564814814814815 0.013020833333333334 0.058333333333333334
2 0.18020833333333333 0.4009259259259259 0.019791666666666666 0.07222222222222222
2 0.80625 0.35833333333333334 0.011458333333333333 0.06666666666666667
2 0.5403645833333334 0.3282407407407407 0.015104166666666667 0.06574074074074074
2 0.42213541666666665 0.3662037037037037 0.013020833333333334 0.06388888888888888
2 0.24114583333333334 0.3282407407407407 0.014583333333333334 0.06574074074074074
2 0.6505208333333333 0.44212962962962965 0.016666666666666666 0.07314814814814814
2 0.096875 0.5560185185185185 0.019791666666666666 0.0787037037037037
2 0.3958333333333333 0.549074074074074 0.01875 0.10185185185185185
2 0.6182291666666667 0.5680555555555555 0.027083333333333334 0.08425925925925926
2 0.07682291666666667 0.6300925925925925 0.021354166666666667 0.08611111111111111
0 0.6566354166666667 0.3115462962962963 0.005380208333333295 0.01233333333333338