3 0.40683854166666666 0.22011111111111112 0.011838541666666676 0.03652777777777777
2 0.75859375 0.3055555555555556 0.008854166666666666 0.044444444444444446
2 0.5859375 0.2574074074074074 0.011458333333333333 0.03888888888888889
3 0.6218333333333333 0.3283055555555556 0.011458333333333333 0.05092592592592592
2 0.6177083333333333 0.37546296296296294 0.015625 0.05277777777777778
2 0.7473958333333334 0.3287037037037037 0.010416666666666666 0.05185185185185185
2 0.4265625 0.31574074074074077 0.0125 0.04814814814814815
2 0.7666666666666667 0.37546296296296294 0.011458333333333333 0.058333333333333334
2 0.5841145833333333 0.40324074074074073 0.011979166666666667 0.062037037037037036
2 0.7950520833333333 0.37777777777777777 0.013020833333333334 0.05740740740740741
2 0.66015625 0.43657407407407406 0.011979166666666667 0.06018518518518518
2 0.8252604166666667 0.41759259259259257 0.0109375 0.06481481481481481
2 0.4921875 0.43842592592592594 0.014583333333333334 0.06018518518518518
2 0.8861979166666667 0.524074074074074 0.015104166666666667 0.07037037037037037
2 0.4388020833333333 0.6907407407407408 0.016145833333333335 0.07592592592592592
2 0.34401041666666665 0.43796296296296294 0.013020833333333334 0.06111111111111111
2 0.5098958333333333 0.549537037037037 0.014583333333333334 0.0712962962962963
1 0.06744791666666666 0.4527777777777778 0.009895833333333333 0.06111111111111111
2 0.89609375 0.6259259259259259 0.016145833333333335 0.07037037037037037
2 0.43203125 0.5074074074074074 0.0171875 0.06666666666666667
2 0.5817708333333333 0.6976851851851852 0.023958333333333335 0.08611111111111111
2 0.659375 0.5194444444444445 0.015625 0.07037037037037037
2 0.7783854166666667 0.6592592592592592 0.0203125 0.07777777777777778