3 0.20104166666666667 0.20185185185185187 0.013541666666666667 0.044444444444444446
2 0.49765625 0.2175925925925926 0.009895833333333333 0.04259259259259259
2 0.4515625 0.20277777777777778 0.011458333333333333 0.05185185185185185
2 0.5966145833333333 0.19675925925925927 0.013020833333333334 0.049074074074074076
2 0.42578125 0.26666666666666666 0.0109375 0.05185185185185185
3 0.56484375 0.29583333333333334 0.015104166666666667 0.058333333333333334
2 0.5546875 0.2949074074074074 0.0125 0.058333333333333334
2 0.62578125 0.22777777777777777 0.015104166666666667 0.05
2 0.41015625 0.33287037037037037 0.019270833333333334 0.06574074074074074
2 0.23776041666666667 0.24212962962962964 0.016145833333333335 0.05277777777777778
2 0.7817708333333333 0.3699074074074074 0.013541666666666667 0.06944444444444445
2 0.3455729166666667 0.28564814814814815 0.013020833333333334 0.058333333333333334
2 0.8197916666666667 0.4009259259259259 0.019791666666666666 0.07222222222222222
2 0.19375 0.35833333333333334 0.011458333333333333 0.06666666666666667
2 0.4596354166666667 0.3282407407407407 0.015104166666666667 0.06574074074074074
2 0.5778645833333333 0.3662037037037037 0.013020833333333334 0.06388888888888888
2 0.7588541666666667 0.3282407407407407 0.014583333333333334 0.06574074074074074
2 0.3494791666666667 0.44212962962962965 0.016666666666666666 0.07314814814814814
2 0.903125 0.5560185185185185 0.019791666666666666 0.0787037037037037
2 0.6041666666666666 0.549074074074074 0.01875 0.10185185185185185
2 0.38177083333333334 0.5680555555555555 0.027083333333333334 0.08425925925925926
2 0.9231770833333334 0.6300925925925925 0.021354166666666667 0.08611111111111111
0 0.3433645833333333 0.3115462962962963 0.005380208333333295 0.01233333333333338