2 0.47552083333333334 0.24259259259259258 0.011458333333333333 0.040740740740740744
2 0.4822916666666667 0.2601851851851852 0.008333333333333333 0.040740740740740744
2 0.5950520833333334 0.3055555555555556 0.008854166666666666 0.040740740740740744
3 0.19270833333333334 0.2273148148148148 0.009375 0.03796296296296296
3 0.5582864583333333 0.3351851851851852 0.010416666666666666 0.053703703703703705
2 0.6453125 0.2726851851851852 0.0125 0.049074074074074076
2 0.3893229166666667 0.33796296296296297 0.009895833333333333 0.05740740740740741
2 0.7934895833333333 0.4324074074074074 0.018229166666666668 0.06851851851851852
2 0.4278645833333333 0.2949074074074074 0.0109375 0.05277777777777778
2 0.5979166666666667 0.3421296296296296 0.011458333333333333 0.05277777777777778
2 0.409375 0.34120370370370373 0.009375 0.05462962962962963
2 0.6291666666666667 0.2722222222222222 0.011458333333333333 0.04814814814814815
2 0.7466145833333333 0.38425925925925924 0.0109375 0.05740740740740741
2 0.07786458333333333 0.38935185185185184 0.009895833333333333 0.062037037037037036
2 0.21354166666666666 0.2851851851851852 0.014583333333333334 0.04814814814814815
2 0.78828125 0.5564814814814815 0.019270833333333334 0.07222222222222222
2 0.76484375 0.44305555555555554 0.0171875 0.05648148148148148
2 0.7096354166666666 0.3472222222222222 0.018229166666666668 0.06111111111111111
2 0.5356770833333333 0.42407407407407405 0.021354166666666667 0.06111111111111111
2 0.6890625 0.7060185185185185 0.020833333333333332 0.08425925925925926
2 0.23489583333333333 0.37546296296296294 0.015625 0.058333333333333334
2 0.21276041666666667 0.5601851851851852 0.018229166666666668 0.07962962962962963
0 0.22015625 0.3071111111111111 0.005479166666666657 0.012203703703703658