2 0.34348958333333335 0.26296296296296295 0.009895833333333333 0.037037037037037035
3 0.68353125 0.24974074074074076 0.011838541666666676 0.04094444444444447
2 0.2484375 0.4050925925925926 0.0125 0.041666666666666664
1 0.98203125 0.3819444444444444 0.0109375 0.04722222222222222
2 0.4393229166666667 0.32916666666666666 0.008854166666666666 0.04537037037037037
2 0.31927083333333334 0.30416666666666664 0.009375 0.03981481481481482
2 0.6552083333333333 0.337037037037037 0.016666666666666666 0.04259259259259259
2 0.40625 0.34814814814814815 0.008333333333333333 0.05185185185185185
2 0.2825520833333333 0.3736111111111111 0.011979166666666667 0.05092592592592592
2 0.5778645833333333 0.2810185185185185 0.0140625 0.03611111111111111
2 0.29244791666666664 0.3787037037037037 0.0140625 0.05
2 0.24869791666666666 0.44074074074074077 0.013020833333333334 0.05
3 0.5390625 0.3731481481481482 0.013541666666666667 0.04814814814814815
2 0.5239583333333333 0.37175925925925923 0.010416666666666666 0.04351851851851852
2 0.39869791666666665 0.3837962962962963 0.0109375 0.04537037037037037
2 0.2591145833333333 0.475 0.015104166666666667 0.06296296296296296
2 0.4908854166666667 0.6671296296296296 0.0140625 0.08055555555555556
3 0.0700833333333333 0.7820462962962963 0.024546875 0.09328703703703704
2 0.4036458333333333 0.4675925925925926 0.011458333333333333 0.05555555555555555
2 0.16666666666666666 0.7444444444444445 0.01875 0.07962962962962963
2 0.19479166666666667 0.6092592592592593 0.021875 0.06481481481481481
2 0.7528645833333333 0.43287037037037035 0.018229166666666668 0.05648148148148148
2 0.43645833333333334 0.5282407407407408 0.01875 0.06388888888888888
2 0.6416666666666667 0.4203703703703704 0.020833333333333332 0.053703703703703705
0 0.6453854166666666 0.3516944444444444 0.004864583333333409 0.00906481481481478