2 0.6471354166666666 0.4148148148148148 0.009895833333333333 0.04259259259259259
2 0.7205729166666667 0.48148148148148145 0.015104166666666667 0.05
2 0.6463541666666667 0.4513888888888889 0.0125 0.05092592592592592
2 0.434375 0.40925925925925927 0.013541666666666667 0.046296296296296294
2 0.40390625 0.4078703703703704 0.013020833333333334 0.04537037037037037
2 0.32057291666666665 0.586574074074074 0.0234375 0.05648148148148148
3 0.4481510416666667 0.42916666666666664 0.011979166666666667 0.049074074074074076
2 0.39166666666666666 0.5120370370370371 0.011458333333333333 0.05
3 0.9479114583333333 0.8380833333333333 0.03126041666666666 0.07432407407407406
1 0.9239583333333333 0.41064814814814815 0.016666666666666666 0.04722222222222222
2 0.31979166666666664 0.6342592592592593 0.01875 0.06481481481481481
2 0.2911458333333333 0.5013888888888889 0.0125 0.05462962962962963
2 0.4744791666666667 0.5439814814814815 0.014583333333333334 0.05648148148148148
2 0.6872395833333333 0.5648148148148148 0.013020833333333334 0.06111111111111111
2 0.7299479166666667 0.5296296296296297 0.015104166666666667 0.05925925925925926
2 0.54609375 0.5597222222222222 0.0140625 0.058333333333333334
2 0.5622395833333333 0.5611111111111111 0.013020833333333334 0.05740740740740741
2 0.45598958333333334 0.5611111111111111 0.0203125 0.05555555555555555
2 0.59296875 0.6111111111111112 0.018229166666666668 0.06111111111111111
2 0.8083333333333333 0.6287037037037037 0.015625 0.05555555555555555
2 0.4088541666666667 0.6351851851851852 0.020833333333333332 0.06481481481481481
2 0.434375 0.6287037037037037 0.016666666666666666 0.06666666666666667
2 0.26640625 0.5703703703703704 0.0171875 0.05555555555555555
0 0.46702604166666667 0.3915185185185185 0.006338541666666705 0.011611111111111077
3 0.31258854166666666 0.25901851851851854 0.007390625000000028 0.03037037037037033