2 0.6486979166666667 0.30787037037037035 0.0078125 0.026851851851851852
1 0.14545833333333333 0.4247314814814815 0.01488020833333336 0.040194444444444415
2 0.36875 0.3662037037037037 0.008333333333333333 0.03611111111111111
2 0.7067708333333333 0.44166666666666665 0.008333333333333333 0.040740740740740744
2 0.746875 0.375 0.007291666666666667 0.037037037037037035
2 0.7388020833333333 0.4305555555555556 0.009895833333333333 0.040740740740740744
2 0.11119791666666666 0.6032407407407407 0.022395833333333334 0.05277777777777778
2 0.3299479166666667 0.7398148148148148 0.013020833333333334 0.06481481481481481
2 0.42578125 0.36944444444444446 0.008854166666666666 0.03518518518518519
3 0.6127604166666667 0.4726851851851852 0.009895833333333333 0.04722222222222222
2 0.290625 0.4837962962962963 0.0125 0.049074074074074076
2 0.18671875 0.6166666666666667 0.018229166666666668 0.04814814814814815
2 0.2421875 0.48518518518518516 0.009375 0.046296296296296294
2 0.4973958333333333 0.40879629629629627 0.008333333333333333 0.03981481481481482
2 0.6565104166666667 0.4375 0.0140625 0.03981481481481482
2 0.3966145833333333 0.5180555555555556 0.021354166666666667 0.04537037037037037
2 0.7518229166666667 0.46435185185185185 0.0140625 0.04722222222222222
2 0.6609375 0.6412037037037037 0.013541666666666667 0.06388888888888888
2 0.7276041666666667 0.6486111111111111 0.016666666666666666 0.06574074074074074
2 0.609375 0.5800925925925926 0.014583333333333334 0.058333333333333334
2 0.41770833333333335 0.5185185185185185 0.015625 0.04814814814814815
2 0.3536458333333333 0.7143518518518519 0.019791666666666666 0.06574074074074074
3 0.7986979166666667 0.8583333333333333 0.024479166666666666 0.07777777777777778
3 0.43997395833333336 0.274037037037037 0.008109374999999967 0.02545370370370371
0 0.09630729166666667 0.6190185185185185 0.005406249999999998 0.01034259259259266