3 0.375640625 0.5696574074074074 0.010062499999999967 0.04062962962962973
2 0.2838541666666667 0.4615740740740741 0.008333333333333333 0.03611111111111111
2 0.6481770833333333 0.4305555555555556 0.0067708333333333336 0.03333333333333333
2 0.36796875 0.6064814814814815 0.009895833333333333 0.05185185185185185
2 0.38177083333333334 0.4078703703703704 0.00625 0.030555555555555555
1 0.14010416666666667 0.500462962962963 0.009375 0.03981481481481482
2 0.27786458333333336 0.47685185185185186 0.008854166666666666 0.040740740740740744
2 0.3106770833333333 0.65 0.0203125 0.05185185185185185
2 0.16354166666666667 0.5120370370370371 0.008333333333333333 0.040740740740740744
2 0.6841145833333333 0.4828703703703704 0.008854166666666666 0.04351851851851852
2 0.4322916666666667 0.5055555555555555 0.009375 0.04259259259259259
2 0.0796875 0.5967592592592592 0.009375 0.05277777777777778
2 0.6044270833333333 0.4324074074074074 0.008854166666666666 0.03518518518518519
2 0.39348958333333334 0.4675925925925926 0.008854166666666666 0.040740740740740744
2 0.4981770833333333 0.5194444444444445 0.008854166666666666 0.040740740740740744
2 0.38697916666666665 0.5907407407407408 0.016666666666666666 0.05
2 0.18723958333333332 0.7398148148148148 0.0140625 0.06481481481481481
2 0.6739583333333333 0.5981481481481481 0.011458333333333333 0.05185185185185185
2 0.3111979166666667 0.549074074074074 0.009895833333333333 0.044444444444444446
2 0.23723958333333334 0.625462962962963 0.013020833333333334 0.05092592592592592
3 0.7222395833333334 0.9458333333333333 0.0234375 0.0787037037037037
2 0.45390625 0.5925925925925926 0.011979166666666667 0.053703703703703705
2 0.4588541666666667 0.7166666666666667 0.020833333333333332 0.06111111111111111
0 0.150296875 0.5130277777777779 0.004656250000000028 0.008342592592592584
3 0.319796875 0.36495370370370367 0.006083333333333367 0.02837962962962961