2 0.40078125 0.35324074074074074 0.009895833333333333 0.032407407407407406
1 0.03307291666666667 0.40925925925925927 0.016145833333333335 0.05
2 0.6296875 0.3472222222222222 0.009375 0.03148148148148148
2 0.58046875 0.3388888888888889 0.0067708333333333336 0.03333333333333333
3 0.8268229166666666 0.3449074074074074 0.0067708333333333336 0.03425925925925926
2 0.6002604166666666 0.38796296296296295 0.008854166666666666 0.046296296296296294
2 0.4515625 0.37916666666666665 0.008333333333333333 0.041666666666666664
2 0.49270833333333336 0.40046296296296297 0.009375 0.041666666666666664
2 0.050520833333333334 0.5111111111111111 0.014583333333333334 0.05925925925925926
2 0.39739583333333334 0.4115740740740741 0.010416666666666666 0.04722222222222222
2 0.5067708333333333 0.4791666666666667 0.010416666666666666 0.05648148148148148
2 0.234375 0.4060185185185185 0.010416666666666666 0.04537037037037037
2 0.25286458333333334 0.41388888888888886 0.011979166666666667 0.040740740740740744
2 0.52421875 0.4675925925925926 0.009895833333333333 0.05185185185185185
2 0.8369791666666667 0.44675925925925924 0.011458333333333333 0.05648148148148148
2 0.7395833333333334 0.4009259259259259 0.010416666666666666 0.046296296296296294
2 0.8536458333333333 0.4449074074074074 0.011458333333333333 0.05092592592592592
3 0.4828125 0.42962962962962964 0.0125 0.04814814814814815
2 0.35598958333333336 0.5175925925925926 0.021354166666666667 0.06111111111111111
2 0.81328125 0.5194444444444445 0.013020833333333334 0.06111111111111111
2 0.6296875 0.5458333333333333 0.015625 0.06388888888888888
2 0.65625 0.6412037037037037 0.022916666666666665 0.06759259259259259
2 0.19609375 0.8013888888888889 0.025520833333333333 0.10462962962962963
0 0.14788020833333337 0.48707407407407405 0.006333333333333317 0.013296296296296204