3 0.38367708333333334 0.23879629629629628 0.012755208333333339 0.06042592592592592
2 0.74375 0.39537037037037037 0.01875 0.08333333333333333
2 0.75546875 0.4027777777777778 0.022395833333333334 0.07777777777777778
2 0.4627604166666667 0.2773148148148148 0.016145833333333335 0.06388888888888888
2 0.5153645833333333 0.36712962962962964 0.015104166666666667 0.06759259259259259
2 0.49244791666666665 0.3972222222222222 0.0203125 0.07962962962962963
2 0.42630208333333336 0.3435185185185185 0.027604166666666666 0.07222222222222222
2 0.38203125 0.30925925925925923 0.0171875 0.07592592592592592
2 0.8265625 0.32037037037037036 0.022916666666666665 0.07037037037037037
2 0.7950520833333333 0.32592592592592595 0.021354166666666667 0.06296296296296296
2 0.6059895833333333 0.2912037037037037 0.015104166666666667 0.075
2 0.43776041666666665 0.4 0.022395833333333334 0.08518518518518518
2 0.25755208333333335 0.3587962962962963 0.019270833333333334 0.08055555555555556
2 0.28125 0.36898148148148147 0.017708333333333333 0.08981481481481482
2 0.31484375 0.4310185185185185 0.0171875 0.08981481481481482
2 0.29635416666666664 0.3236111111111111 0.020833333333333332 0.08055555555555556
3 0.5041666666666667 0.4356481481481482 0.020833333333333332 0.09907407407407408
2 0.7390625 0.4726851851851852 0.022916666666666665 0.11203703703703703
2 0.13463541666666667 0.45925925925925926 0.019270833333333334 0.10185185185185185
2 0.89921875 0.47453703703703703 0.025520833333333333 0.10648148148148148
2 0.22161458333333334 0.6587962962962963 0.024479166666666666 0.12314814814814815
2 0.7450520833333333 0.6550925925925926 0.03802083333333333 0.12314814814814815
0 0.7483802083333334 0.437 0.007322916666666638 0.013907407407407391