2 0.36302083333333335 0.36018518518518516 0.008333333333333333 0.03148148148148148
2 0.27630208333333334 0.36666666666666664 0.0109375 0.03333333333333333
2 0.5700520833333333 0.4074074074074074 0.013020833333333334 0.02962962962962963
2 0.5216145833333333 0.30277777777777776 0.0078125 0.025925925925925925
2 0.5830729166666667 0.42685185185185187 0.015104166666666667 0.03888888888888889
2 0.536125 0.5686018518518519 0.016286458333333323 0.05016666666666673
2 0.31927083333333334 0.3541666666666667 0.008333333333333333 0.032407407407407406
2 0.3380208333333333 0.39537037037037037 0.007291666666666667 0.02962962962962963
2 0.47552083333333334 0.3486111111111111 0.009375 0.028703703703703703
2 0.5763020833333333 0.3398148148148148 0.0109375 0.02962962962962963
3 0.525 0.3861111111111111 0.014583333333333334 0.037037037037037035
2 0.5026041666666666 0.3106481481481482 0.0125 0.026851851851851852
2 0.4394166666666666 0.4641944444444444 0.020119791666666723 0.04876851851851848
2 0.7244791666666667 0.5675925925925925 0.011458333333333333 0.05185185185185185
2 0.48463541666666665 0.44027777777777777 0.0109375 0.03981481481481482
2 0.2421875 0.4638888888888889 0.011458333333333333 0.046296296296296294
2 0.23984375 0.3875 0.011979166666666667 0.03796296296296296
2 0.22630208333333332 0.4486111111111111 0.011979166666666667 0.041666666666666664
2 0.6403645833333333 0.4111111111111111 0.008854166666666666 0.03518518518518519
3 0.8971354166666666 0.6944444444444444 0.0203125 0.06296296296296296
2 0.7020833333333333 0.46435185185185185 0.007291666666666667 0.04351851851851852
2 0.33418749999999997 0.32282407407407404 0.00792187500000002 0.03200925925925931
3 0.2510260416666667 0.29947222222222225 0.006140624999999981 0.03028703703703707
0 0.5905729166666667 0.44401851851851853 0.004734375000000076 0.007583333333333384
1 0.8509791666666667 0.3676388888888889 0.011442708333333228 0.037694444444444475