1 0.8265625 0.31296296296296294 0.0125 0.027777777777777776
2 0.44375 0.27314814814814814 0.00625 0.02962962962962963
2 0.2830729166666667 0.3453703703703704 0.0067708333333333336 0.03148148148148148
2 0.6174479166666667 0.33564814814814814 0.009895833333333333 0.03796296296296296
2 0.3065104166666667 0.29953703703703705 0.0067708333333333336 0.028703703703703703
2 0.28046875 0.3712962962962963 0.008854166666666666 0.03888888888888889
2 0.44583333333333336 0.32546296296296295 0.00625 0.03611111111111111
1 0.014583333333333334 0.3958333333333333 0.010416666666666666 0.041666666666666664
2 0.6963541666666667 0.2763888888888889 0.008333333333333333 0.030555555555555555
2 0.7901041666666667 0.38425925925925924 0.009375 0.03518518518518519
2 0.5700520833333333 0.4101851851851852 0.008854166666666666 0.03888888888888889
2 0.7588541666666667 0.37777777777777777 0.009375 0.04259259259259259
2 0.25677083333333334 0.5555555555555556 0.011458333333333333 0.05185185185185185
2 0.46536458333333336 0.32175925925925924 0.008854166666666666 0.03425925925925926
2 0.2359375 0.6800925925925926 0.0125 0.058333333333333334
3 0.3703125 0.39490740740740743 0.009375 0.041666666666666664
2 0.6174479166666667 0.6129629629629629 0.0203125 0.06111111111111111
2 0.6458333333333334 0.4078703703703704 0.013541666666666667 0.041666666666666664
2 0.2565104166666667 0.4375 0.0078125 0.049074074074074076
2 0.31927083333333334 0.49953703703703706 0.011458333333333333 0.05092592592592592
2 0.5486979166666667 0.5175925925925926 0.011979166666666667 0.05185185185185185
2 0.3328125 0.3013888888888889 0.007291666666666667 0.030555555555555555
3 0.31216666666666665 0.24299074074074076 0.006255208333333329 0.026944444444444465
0 0.7873541666666667 0.34090740740740744 0.003786458333333324 0.006768518518518468