2 0.5283854166666667 0.3680555555555556 0.009895833333333333 0.03796296296296296
2 0.5364583333333334 0.2726851851851852 0.00625 0.030555555555555555
1 0.9674479166666666 0.36342592592592593 0.015104166666666667 0.04351851851851852
2 0.6471354166666666 0.2875 0.008854166666666666 0.03425925925925926
2 0.6888020833333334 0.36203703703703705 0.008854166666666666 0.04259259259259259
2 0.7270833333333333 0.4671296296296296 0.011458333333333333 0.04537037037037037
2 0.5966145833333333 0.6304444444444445 0.022395833333333334 0.052083333333333336
2 0.46510416666666665 0.32592592592592595 0.008333333333333333 0.040740740740740744
2 0.34791666666666665 0.3625 0.009375 0.04537037037037037
2 0.22213541666666667 0.49074074074074076 0.013020833333333334 0.05555555555555555
2 0.2859375 0.6716759259259258 0.017708333333333333 0.06742592592592586
2 0.32073437499999996 0.5147407407407407 0.01438541666666661 0.05154629629629636
2 0.61171875 0.27361111111111114 0.0078125 0.03425925925925926
2 0.69765625 0.36157407407407405 0.0109375 0.04351851851851852
2 0.3963541666666667 0.5101851851851852 0.014583333333333334 0.05
3 0.5713541666666667 0.4064814814814815 0.009375 0.044444444444444446
2 0.6940104166666666 0.4949074074074074 0.0109375 0.04722222222222222
2 0.25885416666666666 0.3013888888888889 0.008333333333333333 0.03796296296296296
2 0.21276041666666667 0.7055555555555556 0.0171875 0.06851851851851852
2 0.14244791666666667 0.4708333333333333 0.018229166666666668 0.05277777777777778
0 0.21977604166666667 0.728212962962963 0.006755208333333347 0.01423148148148138
2 0.44554166666666667 0.22995370370370372 0.00859375 0.03437962962962963
3 0.6390208333333334 0.2146851851851852 0.008052083333333352 0.032398148148148155
2 0.6116145833333333 0.61725 0.016114583333333363 0.05782407407407412