2 0.3138020833333333 0.38564814814814813 0.008854166666666666 0.041666666666666664
2 0.3190104166666667 0.32083333333333336 0.0067708333333333336 0.04351851851851852
2 0.40572916666666664 0.33425925925925926 0.0125 0.044444444444444446
2 0.35989583333333336 0.3509259259259259 0.008333333333333333 0.040740740740740744
2 0.2747395833333333 0.33796296296296297 0.008854166666666666 0.04259259259259259
3 0.9786458333333333 0.26908333333333334 0.010416666666666666 0.041666666666666664
2 0.72890625 0.2967592592592593 0.008854166666666666 0.041666666666666664
2 0.28854166666666664 0.35 0.011458333333333333 0.04814814814814815
2 0.25625 0.39166666666666666 0.010416666666666666 0.05
2 0.34765625 0.36342592592592593 0.009895833333333333 0.04722222222222222
2 0.47630208333333335 0.31851851851851853 0.011979166666666667 0.03888888888888889
2 0.6096354166666667 0.44675925925925924 0.009895833333333333 0.058333333333333334
3 0.40729166666666666 0.3750925925925926 0.010416666666666666 0.05185185185185185
2 0.7450520833333333 0.32175925925925924 0.0078125 0.04351851851851852
2 0.50234375 0.35555555555555557 0.009895833333333333 0.046296296296296294
2 0.31927083333333334 0.412962962962963 0.014583333333333334 0.053703703703703705
2 0.8208333333333333 0.3819444444444444 0.011458333333333333 0.049074074074074076
2 0.6197916666666666 0.4513888888888889 0.011458333333333333 0.06018518518518518
2 0.5419270833333333 0.3824074074074074 0.009895833333333333 0.05
1 0.268890625 0.2961481481481481 0.0120729166666667 0.04678703703703701
0 0.4368697916666667 0.2981111111111111 0.00557291666666669 0.010120370370370325
2 0.41709375 0.3286111111111111 0.01572395833333336 0.04115740740740745
2 0.39289062499999994 0.29737962962962966 0.011677083333333371 0.03950925925925922
2 0.3837395833333333 0.30041666666666667 0.013463541666666618 0.035583333333333286