2 0.5520833333333334 0.18888888888888888 0.009375 0.03148148148148148
2 0.59921875 0.18981481481481483 0.008854166666666666 0.040740740740740744
2 0.24728124999999998 0.22657407407407407 0.010187499999999971 0.04500925925925927
2 0.83125 0.3611111111111111 0.026041666666666668 0.05185185185185185
2 0.6174479166666667 0.20462962962962963 0.0140625 0.04259259259259259
2 0.48359375 0.1986111111111111 0.0078125 0.041666666666666664
2 0.4471354166666667 0.19722222222222222 0.008854166666666666 0.04814814814814815
2 0.3932291666666667 0.23703703703703705 0.008333333333333333 0.04259259259259259
2 0.5111979166666667 0.24259259259259258 0.015104166666666667 0.03518518518518519
2 0.26875 0.26851851851851855 0.0125 0.04814814814814815
2 0.5395833333333333 0.2412037037037037 0.01875 0.04537037037037037
2 0.46145833333333336 0.22870370370370371 0.011458333333333333 0.04259259259259259
2 0.79296875 0.31574074074074077 0.013020833333333334 0.05740740740740741
2 0.5734375 0.31666666666666665 0.011458333333333333 0.05185185185185185
2 0.6377604166666667 0.40879629629629627 0.0171875 0.06388888888888888
2 0.8411458333333334 0.37916666666666665 0.022916666666666665 0.06018518518518518
2 0.35546875 0.32685185185185184 0.016145833333333335 0.05740740740740741
2 0.19348958333333333 0.4388888888888889 0.0203125 0.06666666666666667
3 0.6072916666666667 0.2902777777777778 0.011458333333333333 0.05277777777777778
2 0.68828125 0.324537037037037 0.0140625 0.05462962962962963
2 0.7190104166666667 0.6902777777777778 0.033854166666666664 0.09351851851851851
0 0.4608072916666667 0.24581481481481482 0.004020833333333348 0.007425925925925909
3 0.24719791666666666 0.19122222222222224 0.009703124999999998 0.0437222222222222