2 0.49557291666666664 0.24953703703703703 0.0078125 0.026851851851851852
2 0.49765625 0.45092592592592595 0.0078125 0.044444444444444446
2 0.5080729166666667 0.2884259259259259 0.0067708333333333336 0.026851851851851852
2 0.59140625 0.2449074074074074 0.0067708333333333336 0.026851851851851852
3 0.4674479166666667 0.7388888888888889 0.016145833333333335 0.08148148148148149
2 0.4041666666666667 0.28935185185185186 0.007291666666666667 0.03611111111111111
2 0.6096354166666667 0.2564814814814815 0.0078125 0.025925925925925925
2 0.44114583333333335 0.3060185185185185 0.008333333333333333 0.03611111111111111
2 0.36666666666666664 0.3587962962962963 0.007291666666666667 0.03796296296296296
2 0.6559895833333333 0.3125 0.0078125 0.03425925925925926
1 0.10703125 0.33425925925925926 0.0109375 0.037037037037037035
2 0.3033854166666667 0.2791666666666667 0.0078125 0.032407407407407406
2 0.6846354166666667 0.4356481481481482 0.008854166666666666 0.04351851851851852
3 0.5784427083333334 0.34814814814814815 0.0078125 0.03888888888888889
2 0.4513020833333333 0.3527777777777778 0.0078125 0.03888888888888889
2 0.6809895833333334 0.3699074074074074 0.008854166666666666 0.041666666666666664
1 0.9447916666666667 0.3662037037037037 0.011458333333333333 0.04351851851851852
2 0.60859375 0.399537037037037 0.008854166666666666 0.04351851851851852
2 0.5203125 0.3472222222222222 0.008333333333333333 0.037037037037037035
2 0.671875 0.3541666666666667 0.009375 0.03796296296296296
2 0.15963541666666667 0.4023148148148148 0.0078125 0.04537037037037037
2 0.3731770833333333 0.7032407407407407 0.0171875 0.06944444444444445
2 0.63046875 0.5393518518518519 0.015104166666666667 0.05092592592592592
3 0.6347239583333334 0.22511111111111112 0.00852604166666661 0.035574074074074036
2 0.43661979166666665 0.22925925925925925 0.00891666666666661 0.03579629629629632
0 0.31161979166666665 0.29511111111111116 0.004208333333333296 0.008351851851851834