2 0.3106770833333333 0.3837962962962963 0.0078125 0.04351851851851852
2 0.2609375 0.34629629629629627 0.009375 0.04259259259259259
2 0.15364583333333334 0.41944444444444445 0.010416666666666666 0.04814814814814815
2 0.32057291666666665 0.31851851851851853 0.0078125 0.03888888888888889
2 0.39036458333333335 0.3037037037037037 0.009895833333333333 0.040740740740740744
2 0.1625 0.42592592592592593 0.01875 0.05
2 0.50390625 0.31805555555555554 0.008854166666666666 0.041666666666666664
2 0.6239583333333333 0.3439814814814815 0.014583333333333334 0.04722222222222222
2 0.76484375 0.29444444444444445 0.008854166666666666 0.03888888888888889
2 0.4109375 0.28888888888888886 0.008333333333333333 0.04259259259259259
3 0.42161458333333335 0.3685185185185185 0.009895833333333333 0.044444444444444446
2 0.78671875 0.3106481481481482 0.011979166666666667 0.041666666666666664
2 0.6346354166666667 0.36898148148148147 0.0109375 0.04722222222222222
2 0.68359375 0.44166666666666665 0.015104166666666667 0.05740740740740741
2 0.31953125 0.425 0.011979166666666667 0.05740740740740741
2 0.86875 0.36527777777777776 0.010416666666666666 0.04722222222222222
2 0.6973958333333333 0.45555555555555555 0.016666666666666666 0.05925925925925926
1 0.2831145833333333 0.29515740740740737 0.012885416666666672 0.044037037037036986
2 0.3139739583333333 0.30492592592592593 0.011411458333333376 0.0481203703703704
2 0.3514947916666666 0.324712962962963 0.010619791666666718 0.04696296296296299
2 0.3521927083333333 0.30403703703703705 0.010437499999999982 0.04634259259259255
2 0.3855677083333333 0.2872222222222222 0.010046874999999981 0.043601851851851885