2 0.5231770833333333 0.3425925925925926 0.008854166666666666 0.04259259259259259
1 0.24348958333333334 0.33935185185185185 0.011979166666666667 0.03796296296296296
2 0.5184895833333333 0.33564814814814814 0.008854166666666666 0.03981481481481482
3 0.8950520833333333 0.29814814814814816 0.0109375 0.03518518518518519
2 0.8752604166666667 0.38564814814814813 0.008854166666666666 0.04351851851851852
2 0.6114583333333333 0.44583333333333336 0.013541666666666667 0.041666666666666664
2 0.8393229166666667 0.5083333333333333 0.0109375 0.05555555555555555
3 0.5785052083333333 0.3978148148148148 0.009093750000000018 0.043787037037037006
2 0.46979166666666666 0.38796296296296295 0.016666666666666666 0.03888888888888889
2 0.7158854166666667 0.3541666666666667 0.0078125 0.03611111111111111
2 0.41015625 0.4111111111111111 0.016145833333333335 0.04259259259259259
2 0.85 0.40370370370370373 0.011458333333333333 0.044444444444444446
2 0.75546875 0.34953703703703703 0.0078125 0.03981481481481482
2 0.7151041666666667 0.4027777777777778 0.009375 0.03888888888888889
2 0.4583333333333333 0.3662037037037037 0.0125 0.041666666666666664
2 0.42734375 0.4652777777777778 0.0078125 0.04722222222222222
2 0.340625 0.475 0.010416666666666666 0.044444444444444446
2 0.5260416666666666 0.46805555555555556 0.008333333333333333 0.03981481481481482
2 0.5111979166666667 0.4166666666666667 0.011979166666666667 0.04259259259259259
2 0.8130208333333333 0.5189814814814815 0.010416666666666666 0.049074074074074076
2 0.24375 0.6143518518518518 0.013541666666666667 0.062037037037037036
2 0.6192708333333333 0.5180555555555556 0.010416666666666666 0.058333333333333334
3 0.11796875 0.6791666666666667 0.0171875 0.075
0 0.6094895833333334 0.46625 0.005364583333333428 0.009148148148148143
2 0.5828645833333332 0.3985648148148148 0.011296875000000029 0.042101851851851876