3 0.8711145833333334 0.2980925925925926 0.008895833333333296 0.0334351851851852
2 0.34160937500000005 0.5691388888888889 0.017598958333333314 0.041981481481481404
2 0.36692708333333335 0.375 0.0140625 0.040740740740740744
1 0.22786458333333334 0.3425925925925926 0.011979166666666667 0.03888888888888889
2 0.45390625 0.36666666666666664 0.0140625 0.044444444444444446
2 0.37916666666666665 0.37546296296296294 0.008333333333333333 0.04351851851851852
2 0.73984375 0.36342592592592593 0.008854166666666666 0.03981481481481482
2 0.28515625 0.49027777777777776 0.009895833333333333 0.04722222222222222
3 0.00986979166666669 0.6462592592592593 0.019739583333333335 0.07214814814814821
2 0.32838541666666665 0.5569444444444445 0.0203125 0.058333333333333334
2 0.6341145833333334 0.41944444444444445 0.011979166666666667 0.046296296296296294
2 0.4192708333333333 0.3472222222222222 0.009375 0.03888888888888889
3 0.46640625 0.3972222222222222 0.008854166666666666 0.046296296296296294
2 0.5671875 0.46944444444444444 0.008333333333333333 0.05185185185185185
2 0.37473958333333335 0.4583333333333333 0.0203125 0.044444444444444446
2 0.65 0.37453703703703706 0.011458333333333333 0.04351851851851852
2 0.5572916666666666 0.5509259259259259 0.014583333333333334 0.05925925925925926
2 0.8348958333333333 0.4009259259259259 0.0125 0.046296296296296294
2 0.81484375 0.4097222222222222 0.009895833333333333 0.04722222222222222
2 0.52890625 0.4023148148148148 0.009895833333333333 0.04351851851851852
2 0.7794270833333333 0.5268518518518519 0.0109375 0.05925925925925926
2 0.25338541666666664 0.46805555555555556 0.015104166666666667 0.05092592592592592
2 0.43723958333333335 0.5037037037037037 0.015104166666666667 0.05
2 0.7223958333333333 0.537962962962963 0.016666666666666666 0.053703703703703705
0 0.3671145833333333 0.5533055555555556 0.00731770833333331 0.012055555555555538