2 0.44609375 0.3449074074074074 0.011979166666666667 0.041666666666666664
2 0.8158854166666667 0.3435185185185185 0.008854166666666666 0.03888888888888889
2 0.33828125 0.2851851851851852 0.015104166666666667 0.03148148148148148
2 0.7856770833333333 0.3189814814814815 0.009895833333333333 0.04537037037037037
2 0.34322916666666664 0.31296296296296294 0.009375 0.04259259259259259
2 0.815625 0.38333333333333336 0.010416666666666666 0.05740740740740741
2 0.4640625 0.2662037037037037 0.008333333333333333 0.03611111111111111
2 0.44583333333333336 0.3638888888888889 0.0125 0.06111111111111111
2 0.4895833333333333 0.29953703703703705 0.008333333333333333 0.04722222222222222
2 0.4739583333333333 0.28055555555555556 0.009375 0.040740740740740744
2 0.73046875 0.2953703703703704 0.0078125 0.03888888888888889
2 0.8046875 0.36574074074074076 0.0125 0.06111111111111111
1 0.09505208333333333 0.34444444444444444 0.0109375 0.05185185185185185
2 0.5033854166666667 0.30833333333333335 0.0078125 0.04814814814814815
3 0.60859375 0.3490740740740741 0.009895833333333333 0.05185185185185185
2 0.6268229166666667 0.38333333333333336 0.0109375 0.05
2 0.8619791666666666 0.5361111111111111 0.015625 0.07592592592592592
2 0.12682291666666667 0.4185185185185185 0.011979166666666667 0.06111111111111111
2 0.7109375 0.3675925925925926 0.011458333333333333 0.05555555555555555
3 0.9276041666666667 0.8833333333333333 0.028125 0.12962962962962962
2 0.35260416666666666 0.6 0.023958333333333335 0.1111111111111111
2 0.8458333333333333 0.763425925925926 0.023958333333333335 0.11203703703703703
3 0.3650260416666667 0.2574722222222222 0.009390624999999986 0.03902777777777776