2 0.478125 0.30462962962962964 0.008333333333333333 0.044444444444444446
2 0.39817708333333335 0.28425925925925927 0.0078125 0.03888888888888889
2 0.42734375 0.26296296296296295 0.0078125 0.037037037037037035
2 0.5502604166666667 0.30648148148148147 0.009895833333333333 0.046296296296296294
0 0.5989583333333334 0.6546296296296297 0.010416666666666666 0.014814814814814815
2 0.6861979166666666 0.26990740740740743 0.008854166666666666 0.03611111111111111
2 0.48880208333333336 0.33611111111111114 0.008854166666666666 0.04814814814814815
2 0.31276041666666665 0.35648148148148145 0.0140625 0.053703703703703705
3 0.43411458333333336 0.34305555555555556 0.009895833333333333 0.049074074074074076
2 0.24166666666666667 0.4546296296296296 0.014583333333333334 0.05185185185185185
2 0.36302083333333335 0.4634259259259259 0.013541666666666667 0.04722222222222222
2 0.3424479166666667 0.3384259259259259 0.016145833333333335 0.05092592592592592
2 0.68671875 0.3907407407407407 0.011979166666666667 0.05925925925925926
1 0.061270833333333385 0.3282407407407407 0.0140625 0.05092592592592592
2 0.20598958333333334 0.524537037037037 0.019270833333333334 0.058333333333333334
2 0.5455729166666666 0.49722222222222223 0.013020833333333334 0.06666666666666667
2 0.41875 0.43472222222222223 0.021875 0.05648148148148148
2 0.6067708333333334 0.39814814814814814 0.019791666666666666 0.05925925925925926
2 0.27369791666666665 0.5592592592592592 0.0171875 0.06851851851851852
2 0.7786458333333334 0.3537037037037037 0.011458333333333333 0.053703703703703705
2 0.8328125 0.5064814814814815 0.017708333333333333 0.07037037037037037
3 0.04544270833333333 0.6703703703703704 0.030729166666666665 0.09444444444444444
2 0.5127604166666667 0.6652777777777777 0.03697916666666667 0.0824074074074074
3 0.7313541666666666 0.23925 0.008744791666666647 0.04125925925925921
2 0.3745520833333334 0.3125 0.012807291666666625 0.04415740740740746