1 0.9966145833333333 0.5037037037037037 0.0067708333333333336 0.037037037037037035
2 0.5927083333333333 0.3925925925925926 0.009375 0.03333333333333333
2 0.37526041666666665 0.462037037037037 0.0078125 0.04259259259259259
2 0.4622395833333333 0.4912037037037037 0.011979166666666667 0.04351851851851852
2 0.40520833333333334 0.5356481481481481 0.010416666666666666 0.049074074074074076
2 0.6880208333333333 0.4546296296296296 0.010416666666666666 0.040740740740740744
2 0.4596354166666667 0.43425925925925923 0.008854166666666666 0.037037037037037035
2 0.33046875 0.4842592592592593 0.013020833333333334 0.044444444444444446
2 0.36432291666666666 0.44212962962962965 0.0078125 0.03796296296296296
2 0.35 0.7796296296296297 0.021875 0.06666666666666667
2 0.47890625 0.4875 0.0078125 0.04351851851851852
3 0.4373125 0.5898148148148148 0.0140625 0.05555555555555555
3 0.9690104166666667 0.8203703703703704 0.0234375 0.07592592592592592
2 0.6296875 0.5569444444444445 0.011458333333333333 0.04537037037037037
2 0.846875 0.6199074074074075 0.014583333333333334 0.058333333333333334
2 0.35104166666666664 0.5472222222222223 0.014583333333333334 0.05185185185185185
2 0.6223958333333334 0.5856481481481481 0.011458333333333333 0.05092592592592592
2 0.45755208333333336 0.6453703703703704 0.0140625 0.06111111111111111
2 0.2942708333333333 0.5578703703703703 0.0125 0.05092592592592592
2 0.5489583333333333 0.7708333333333334 0.013541666666666667 0.06759259259259259
2 0.2869791666666667 0.6824074074074075 0.014583333333333334 0.06111111111111111
2 0.51796875 0.6425925925925926 0.011979166666666667 0.05925925925925926
2 0.4901041666666667 0.736574074074074 0.014583333333333334 0.0712962962962963
3 0.385296875 0.3681203703703704 0.008635416666666628 0.03249074074074077
0 0.6258697916666667 0.5664166666666667 0.005682291666666591 0.010009259259259209