2 0.3606770833333333 0.425462962962963 0.013020833333333334 0.03981481481481482
2 0.43333333333333335 0.36574074074074076 0.007291666666666667 0.02962962962962963
2 0.27139062499999994 0.4061574074074074 0.011442708333333348 0.03399074074074077
2 0.35052083333333334 0.44583333333333336 0.009375 0.041666666666666664
2 0.51953125 0.36666666666666664 0.0067708333333333336 0.03148148148148148
2 0.2984375 0.3726851851851852 0.009375 0.028703703703703703
2 0.52578125 0.387037037037037 0.013020833333333334 0.02962962962962963
2 0.39791666666666664 0.3712962962962963 0.013541666666666667 0.02962962962962963
3 0.08684895833333334 0.8995277777777778 0.021614583333333333 0.09720370370370372
2 0.7044270833333334 0.3939814814814815 0.0078125 0.03981481481481482
2 0.5078125 0.3763888888888889 0.008333333333333333 0.03796296296296296
2 0.5075520833333333 0.4476851851851852 0.011979166666666667 0.03611111111111111
2 0.2796927083333333 0.6101018518518518 0.023947916666666676 0.06280555555555549
2 0.19322916666666667 0.42592592592592593 0.011458333333333333 0.03888888888888889
2 0.62734375 0.5236111111111111 0.013020833333333334 0.05462962962962963
2 0.58984375 0.4439814814814815 0.0109375 0.04537037037037037
2 0.80234375 0.5574074074074075 0.019270833333333334 0.05185185185185185
2 0.6981770833333333 0.43425925925925923 0.0140625 0.040740740740740744
2 0.19453125 0.5268518518518519 0.022395833333333334 0.05185185185185185
0 0.2581822916666667 0.4028240740740741 0.004145833333333352 0.00862037037037032
2 0.26535416666666667 0.3857962962962963 0.013979166666666624 0.03949074074074072
3 0.35505729166666666 0.4278888888888889 0.017765624999999948 0.03740740740740739
3 0.6365729166666667 0.34511111111111115 0.009937499999999962 0.0386018518518519