2 0.6393229166666666 0.425462962962963 0.013020833333333334 0.03981481481481482
2 0.5666666666666667 0.36574074074074076 0.007291666666666667 0.02962962962962963
2 0.728609375 0.4061574074074074 0.011442708333333228 0.03399074074074077
2 0.6494791666666667 0.44583333333333336 0.009375 0.041666666666666664
2 0.48046875 0.36666666666666664 0.0067708333333333336 0.03148148148148148
2 0.7015625 0.3726851851851852 0.009375 0.028703703703703703
2 0.47421875 0.387037037037037 0.013020833333333334 0.02962962962962963
2 0.6020833333333333 0.3712962962962963 0.013541666666666667 0.02962962962962963
3 0.9131510416666667 0.8995277777777778 0.021614583333333333 0.09720370370370372
2 0.2955729166666667 0.3939814814814815 0.0078125 0.03981481481481482
2 0.4921875 0.3763888888888889 0.008333333333333333 0.03796296296296296
2 0.49244791666666665 0.4476851851851852 0.011979166666666667 0.03611111111111111
2 0.7203072916666666 0.6101018518518518 0.023947916666666676 0.06280555555555549
2 0.8067708333333333 0.42592592592592593 0.011458333333333333 0.03888888888888889
2 0.37265625 0.5236111111111111 0.013020833333333334 0.05462962962962963
2 0.41015625 0.4439814814814815 0.0109375 0.04537037037037037
2 0.19765625 0.5574074074074075 0.019270833333333334 0.05185185185185185
2 0.30182291666666666 0.43425925925925923 0.0140625 0.040740740740740744
2 0.80546875 0.5268518518518519 0.022395833333333334 0.05185185185185185
0 0.7418177083333333 0.4028240740740741 0.004145833333333352 0.00862037037037032
2 0.7346458333333333 0.3857962962962963 0.013979166666666742 0.03949074074074072
3 0.6449427083333333 0.4278888888888889 0.017765625000000066 0.03740740740740739
3 0.36342708333333335 0.34511111111111115 0.009937499999999962 0.0386018518518519