0 0.8106770833333333 0.5944444444444444 0.005729166666666666 0.011111111111111112
3 0.9908854166666666 0.7092592592592593 0.018229166666666668 0.06851851851851852
2 0.7796875 0.5671296296296297 0.025 0.026851851851851852
1 0.8315104166666667 0.4300925925925926 0.018229166666666668 0.041666666666666664
2 0.65859375 0.48657407407407405 0.0140625 0.04537037037037037
2 0.8364583333333333 0.5833333333333334 0.016666666666666666 0.04259259259259259
2 0.8028645833333333 0.525 0.015104166666666667 0.05185185185185185
2 0.7434895833333334 0.5527777777777778 0.013020833333333334 0.046296296296296294
2 0.5268229166666667 0.46805555555555556 0.009895833333333333 0.04722222222222222
3 0.5950520833333334 0.5046296296296297 0.0078125 0.05
2 0.6627604166666666 0.4199074074074074 0.013020833333333334 0.04351851851851852
2 0.8520833333333333 0.5745370370370371 0.013541666666666667 0.05277777777777778
2 0.33307291666666666 0.4212962962962963 0.011979166666666667 0.04259259259259259
2 0.7174479166666666 0.4685185185185185 0.011979166666666667 0.04814814814814815
2 0.6989583333333333 0.5476851851851852 0.0125 0.049074074074074076
2 0.5583333333333333 0.538425925925926 0.009375 0.05648148148148148
2 0.6015625 0.412962962962963 0.013541666666666667 0.040740740740740744
2 0.6348958333333333 0.6023148148148149 0.010416666666666666 0.062037037037037036
2 0.58046875 0.6546296296296297 0.013020833333333334 0.06666666666666667
2 0.7778645833333333 0.6125 0.013020833333333334 0.06018518518518518
2 0.48671875 0.5611111111111111 0.0109375 0.06111111111111111
2 0.35572916666666665 0.6425925925925926 0.015625 0.06851851851851852
2 0.32578125 0.6324074074074074 0.018229166666666668 0.06111111111111111
2 0.15625 0.5416666666666666 0.011458333333333333 0.05555555555555555
3 0.144984375 0.3456388888888889 0.00891145833333334 0.036768518518518555