2 0.6854166666666667 0.425 0.017708333333333333 0.037037037037037035
1 0.7833333333333333 0.44722222222222224 0.016666666666666666 0.03333333333333333
2 0.67109375 0.4222222222222222 0.0109375 0.044444444444444446
2 0.6828125 0.4587962962962963 0.017708333333333333 0.041666666666666664
2 0.5526041666666667 0.41898148148148145 0.0125 0.04351851851851852
2 0.7296875 0.45555555555555555 0.019791666666666666 0.044444444444444446
2 0.8924479166666667 0.525 0.015104166666666667 0.044444444444444446
2 0.54609375 0.45 0.016145833333333335 0.046296296296296294
3 0.5223958333333333 0.47129629629629627 0.009375 0.05555555555555555
2 0.85234375 0.5013888888888889 0.011979166666666667 0.049074074074074076
2 0.6002604166666666 0.42685185185185187 0.009895833333333333 0.040740740740740744
2 0.6588541666666666 0.4685185185185185 0.020833333333333332 0.04814814814814815
2 0.7346354166666667 0.5018518518518519 0.0109375 0.05740740740740741
2 0.6328125 0.512962962962963 0.013541666666666667 0.05740740740740741
2 0.3984375 0.43194444444444446 0.013541666666666667 0.05277777777777778
2 0.8408854166666667 0.5365740740740741 0.015104166666666667 0.05462962962962963
2 0.6268229166666667 0.5856481481481481 0.016145833333333335 0.062037037037037036
2 0.15885416666666666 0.4861111111111111 0.010416666666666666 0.05925925925925926
2 0.70703125 0.5583333333333333 0.011979166666666667 0.07037037037037037
2 0.1984375 0.611574074074074 0.015625 0.0712962962962963
2 0.26145833333333335 0.5592592592592592 0.0125 0.06296296296296296
2 0.4903645833333333 0.6143518518518518 0.0171875 0.07314814814814814
0 0.8977760416666667 0.5414814814814815 0.007052083333333315 0.01465740740740734