0 0.8552083333333333 0.5449074074074074 0.005208333333333333 0.010185185185185186
2 0.884375 0.549074074074074 0.015625 0.03148148148148148
2 0.8825520833333333 0.5814814814814815 0.016145833333333335 0.053703703703703705
1 0.8643229166666667 0.3875 0.013020833333333334 0.04722222222222222
3 0.9851666666666666 0.6676481481481481 0.023416666666666686 0.07048148148148138
2 0.8854166666666666 0.6041666666666666 0.0125 0.06018518518518518
2 0.5833333333333334 0.37175925925925923 0.0125 0.041666666666666664
2 0.32526041666666666 0.3768518518518518 0.009895833333333333 0.04259259259259259
2 0.6549479166666666 0.39166666666666666 0.009895833333333333 0.04814814814814815
2 0.6286458333333333 0.4393518518518518 0.010416666666666666 0.04722222222222222
2 0.4471354166666667 0.43472222222222223 0.009895833333333333 0.049074074074074076
2 0.7375 0.5407407407407407 0.009375 0.05925925925925926
2 0.8059895833333334 0.6087962962962963 0.015104166666666667 0.06388888888888888
3 0.5611979166666666 0.4875 0.015104166666666667 0.05277777777777778
2 0.5440104166666667 0.5458333333333333 0.0109375 0.06018518518518518
2 0.6799479166666667 0.5856481481481481 0.0140625 0.06759259259259259
2 0.8364583333333333 0.6050925925925926 0.013541666666666667 0.062037037037037036
2 0.72890625 0.4398148148148148 0.016145833333333335 0.05
2 0.39166666666666666 0.6425925925925926 0.015625 0.07407407407407407
2 0.6447916666666667 0.6805555555555556 0.015625 0.07592592592592592
2 0.66484375 0.600462962962963 0.0140625 0.06388888888888888
2 0.28125 0.6675925925925926 0.020833333333333332 0.07407407407407407
2 0.46484375 0.575925925925926 0.011979166666666667 0.06111111111111111
2 0.17005208333333333 0.5268518518518519 0.0171875 0.06111111111111111
3 0.18601041666666665 0.2994907407407407 0.008234374999999971 0.03743518518518514