2 0.36302083333333335 0.5175925925925926 0.008333333333333333 0.04814814814814815
3 0.08984375 0.9384259259259259 0.022395833333333334 0.075
2 0.4744791666666667 0.43425925925925923 0.009375 0.03888888888888889
2 0.359375 0.5222222222222223 0.010416666666666666 0.05555555555555555
0 0.019270833333333334 0.37037037037037035 0.008333333333333333 0.012962962962962963
2 0.5971354166666667 0.45601851851851855 0.009895833333333333 0.04537037037037037
2 0.3658854166666667 0.4111111111111111 0.009895833333333333 0.046296296296296294
2 0.6091145833333333 0.44305555555555554 0.009895833333333333 0.04351851851851852
2 0.4278645833333333 0.8134259259259259 0.0140625 0.07685185185185185
2 0.4830729166666667 0.48009259259259257 0.009895833333333333 0.04537037037037037
3 0.5578125 0.5652777777777778 0.011458333333333333 0.062037037037037036
2 0.5625 0.5185185185185185 0.011458333333333333 0.053703703703703705
2 0.53046875 0.49444444444444446 0.0109375 0.04814814814814815
2 0.18203125 0.6324074074074074 0.015104166666666667 0.06666666666666667
2 0.65078125 0.4842592592592593 0.011979166666666667 0.053703703703703705
2 0.2981770833333333 0.4671296296296296 0.0109375 0.05277777777777778
2 0.7619791666666667 0.6347222222222222 0.0125 0.06759259259259259
2 0.6236979166666666 0.5680555555555555 0.013020833333333334 0.058333333333333334
2 0.41953125 0.6087962962962963 0.011979166666666667 0.06574074074074074
2 0.42994791666666665 0.6675925925925926 0.016145833333333335 0.06666666666666667
2 0.7057291666666666 0.5509259259259259 0.014583333333333334 0.05925925925925926
2 0.7643229166666666 0.7981481481481482 0.019270833333333334 0.08148148148148149
2 0.565625 0.7106481481481481 0.014583333333333334 0.06759259259259259
3 0.5954791666666668 0.37665740740740744 0.010958333333333315 0.04028703703703703
0 0.36678125 0.43063888888888885 0.0037395833333333664 0.008370370370370337