0 0.8104166666666667 0.5462962962962963 0.005208333333333333 0.011111111111111112
2 0.61640625 0.40046296296296297 0.0067708333333333336 0.032407407407407406
2 0.5427083333333333 0.4356481481481482 0.008333333333333333 0.03425925925925926
2 0.453125 0.4412037037037037 0.009375 0.03796296296296296
2 0.5591145833333333 0.6518518518518519 0.013020833333333334 0.04814814814814815
3 0.46635937499999996 0.4996203703703704 0.0067708333333333336 0.04351851851851852
2 0.2721354166666667 0.46944444444444444 0.013020833333333334 0.03888888888888889
2 0.7559895833333333 0.4634259259259259 0.0109375 0.041666666666666664
1 0.965625 0.49953703703703706 0.008333333333333333 0.04722222222222222
2 0.38125 0.43796296296296294 0.008333333333333333 0.037037037037037035
2 0.5760416666666667 0.4685185185185185 0.007291666666666667 0.03888888888888889
2 0.18098958333333334 0.5314814814814814 0.0140625 0.046296296296296294
2 0.7989583333333333 0.5097222222222222 0.013541666666666667 0.04537037037037037
2 0.31979166666666664 0.47453703703703703 0.009375 0.041666666666666664
2 0.6989583333333333 0.5680555555555555 0.019791666666666666 0.03981481481481482
2 0.6890625 0.5074074074074074 0.009375 0.044444444444444446
2 0.23802083333333332 0.7759259259259259 0.015625 0.06851851851851852
2 0.26328125 0.6231481481481481 0.011979166666666667 0.053703703703703705
2 0.6515625 0.5157407407407407 0.009375 0.044444444444444446
2 0.44635416666666666 0.5879629629629629 0.009375 0.05
2 0.8544270833333333 0.562037037037037 0.009895833333333333 0.05
2 0.37526041666666665 0.5138888888888888 0.0140625 0.046296296296296294
2 0.28072916666666664 0.5416666666666666 0.007291666666666667 0.05
3 0.34240624999999997 0.389212962962963 0.00869791666666669 0.03430555555555551