2 0.40703125 0.41388888888888886 0.011979166666666667 0.046296296296296294
2 0.52875 0.5917407407407408 0.014369791666666742 0.07577777777777771
0 0.4231770833333333 0.6578703703703703 0.009895833333333333 0.012037037037037037
2 0.41484375 0.44675925925925924 0.0203125 0.05277777777777778
2 0.4953125 0.36203703703703705 0.010416666666666666 0.05
2 0.6315104166666666 0.35648148148148145 0.015104166666666667 0.053703703703703705
2 0.29375 0.5990740740740741 0.016666666666666666 0.06481481481481481
2 0.46197916666666666 0.4064814814814815 0.015625 0.05185185185185185
2 0.5747395833333333 0.35138888888888886 0.009895833333333333 0.049074074074074076
2 0.39817708333333335 0.4444444444444444 0.015104166666666667 0.05740740740740741
1 0.1140625 0.44212962962962965 0.013541666666666667 0.06018518518518518
2 0.36432291666666666 0.46944444444444444 0.0140625 0.07592592592592592
2 0.49453125 0.42962962962962964 0.009895833333333333 0.05740740740740741
3 0.5369791666666667 0.45416666666666666 0.0125 0.058333333333333334
2 0.4432291666666667 0.5083333333333333 0.016666666666666666 0.06666666666666667
2 0.5921875 0.5282407407407408 0.014583333333333334 0.06388888888888888
2 0.8984375 0.41944444444444445 0.013541666666666667 0.05925925925925926
2 0.3065104166666667 0.500462962962963 0.025520833333333333 0.06388888888888888
2 0.5143229166666666 0.6046296296296296 0.021354166666666667 0.06481481481481481
2 0.9190104166666667 0.5296296296296297 0.0171875 0.06666666666666667
2 0.7671875 0.5273148148148148 0.016666666666666666 0.06574074074074074
2 0.52028125 0.581861111111111 0.019057291666666625 0.06926851851851847