0 0.8713541666666667 0.7106481481481481 0.007291666666666667 0.013888888888888888
2 0.7049479166666667 0.4587962962962963 0.008854166666666666 0.04722222222222222
2 0.840625 0.6504629629629629 0.015625 0.06574074074074074
2 0.640625 0.4388888888888889 0.009375 0.05740740740740741
1 0.7794270833333333 0.4162037037037037 0.011979166666666667 0.05277777777777778
2 0.5341145833333333 0.4638888888888889 0.013020833333333334 0.053703703703703705
2 0.6580729166666667 0.4300925925925926 0.013020833333333334 0.05648148148148148
2 0.6651041666666667 0.5319444444444444 0.014583333333333334 0.05648148148148148
2 0.6020833333333333 0.4060185185185185 0.010416666666666666 0.05092592592592592
2 0.6953125 0.4601851851851852 0.014583333333333334 0.05555555555555555
2 0.5393229166666667 0.4148148148148148 0.011979166666666667 0.05185185185185185
2 0.5466145833333333 0.39305555555555555 0.0109375 0.049074074074074076
2 0.6229166666666667 0.4597222222222222 0.0125 0.05462962962962963
3 0.5109375 0.4625 0.010416666666666666 0.05462962962962963
2 0.81875 0.675 0.026041666666666668 0.046296296296296294
2 0.6200520833333333 0.5574074074074075 0.0171875 0.06481481481481481
2 0.37213541666666666 0.42777777777777776 0.009895833333333333 0.05185185185185185
2 0.8489583333333334 0.7041666666666667 0.020833333333333332 0.075
2 0.6513020833333333 0.6550925925925926 0.019270833333333334 0.06759259259259259
2 0.5309895833333333 0.6398148148148148 0.015104166666666667 0.07592592592592592
2 0.34609375 0.5416666666666666 0.015104166666666667 0.06111111111111111
2 0.1640625 0.6541666666666667 0.017708333333333333 0.0824074074074074
2 0.16822916666666668 0.4638888888888889 0.013541666666666667 0.05925925925925926