3 0.44036458333333334 0.06712962962962964 0.009895833333333333 0.03425925925925926
2 0.5510416666666667 0.0912037037037037 0.011458333333333333 0.04351851851851852
0 0.8106770833333333 0.6388888888888888 0.0078125 0.012962962962962963
2 0.37057291666666664 0.1925925925925926 0.011979166666666667 0.053703703703703705
2 0.35859375 0.22175925925925927 0.0078125 0.05462962962962963
2 0.290625 0.34814814814814815 0.015625 0.07222222222222222
2 0.45598958333333334 0.3875 0.011979166666666667 0.0712962962962963
2 0.6565104166666667 0.3712962962962963 0.009895833333333333 0.07592592592592592
2 0.49505208333333334 0.2490740740740741 0.013020833333333334 0.06111111111111111
2 0.23932291666666666 0.44675925925925924 0.013020833333333334 0.0787037037037037
2 0.6033854166666667 0.18518518518518517 0.011979166666666667 0.05740740740740741
2 0.4200520833333333 0.32407407407407407 0.0171875 0.06296296296296296
2 0.46015625 0.5472222222222223 0.015104166666666667 0.09444444444444444
3 0.3984375 0.40694444444444444 0.015625 0.07685185185185185
2 0.44765625 0.6055555555555555 0.019270833333333334 0.08888888888888889
2 0.59453125 0.3189814814814815 0.03177083333333333 0.06944444444444445
2 0.90625 0.2763888888888889 0.015625 0.06759259259259259
2 0.2638020833333333 0.40694444444444444 0.0171875 0.0787037037037037
2 0.18828125 0.6708333333333333 0.021354166666666667 0.09907407407407408
2 0.20885416666666667 0.6208333333333333 0.021875 0.0824074074074074
2 0.6716145833333333 0.663425925925926 0.0296875 0.09351851851851851
2 0.4265625 0.8768518518518519 0.029166666666666667 0.10925925925925926
2 0.8260416666666667 0.6175925925925926 0.03854166666666667 0.09444444444444444