0 0.4083333333333333 0.47175925925925927 0.00625 0.010185185185185186
2 0.6111979166666667 0.19537037037037036 0.0078125 0.03518518518518519
2 0.6127604166666667 0.3333333333333333 0.0140625 0.05
3 0.508046875 0.32845370370370375 0.020364583333333287 0.051351851851851885
2 0.25729166666666664 0.25833333333333336 0.011458333333333333 0.044444444444444446
2 0.5138020833333333 0.26990740740740743 0.0140625 0.04537037037037037
2 0.7385416666666667 0.2861111111111111 0.010416666666666666 0.04814814814814815
2 0.66328125 0.32175925925925924 0.0140625 0.04722222222222222
2 0.6333333333333333 0.39305555555555555 0.015625 0.06018518518518518
2 0.7145833333333333 0.25787037037037036 0.013541666666666667 0.04537037037037037
2 0.7841145833333333 0.32314814814814813 0.0109375 0.053703703703703705
2 0.12604166666666666 0.36898148148148147 0.013541666666666667 0.05648148148148148
2 0.39114583333333336 0.43842592592592594 0.025 0.058333333333333334
2 0.659375 0.475462962962963 0.019791666666666666 0.058333333333333334
2 0.09036458333333333 0.3875 0.0171875 0.058333333333333334
2 0.7484375 0.399537037037037 0.014583333333333334 0.05277777777777778
2 0.8153645833333333 0.4162037037037037 0.018229166666666668 0.06018518518518518
2 0.6591145833333333 0.8712962962962963 0.0328125 0.09074074074074075
2 0.8153645833333333 0.5337962962962963 0.0171875 0.0712962962962963
2 0.56796875 0.5856481481481481 0.022395833333333334 0.07314814814814814
2 0.69609375 0.5365740740740741 0.018229166666666668 0.0712962962962963
2 0.88359375 0.5370370370370371 0.016145833333333335 0.06481481481481481
3 0.26090104166666667 0.19341666666666665 0.012807291666666684 0.03965740740740739