2 0.4427083333333333 0.2884259259259259 0.009375 0.03425925925925926
2 0.6463541666666667 0.2708333333333333 0.011458333333333333 0.032407407407407406
2 0.28515625 0.2967592592592593 0.009895833333333333 0.03796296296296296
2 0.24817708333333333 0.2814814814814815 0.008854166666666666 0.037037037037037035
2 0.21119791666666668 0.3050925925925926 0.0109375 0.04351851851851852
2 0.34270833333333334 0.3277777777777778 0.010416666666666666 0.044444444444444446
2 0.8 0.3736111111111111 0.009375 0.04537037037037037
2 0.12682291666666667 0.41759259259259257 0.0109375 0.05555555555555555
2 0.8307291666666666 0.3398148148148148 0.009375 0.044444444444444446
2 0.23958333333333334 0.36712962962962964 0.011458333333333333 0.04351851851851852
2 0.3098958333333333 0.44351851851851853 0.010416666666666666 0.05555555555555555
2 0.18072916666666666 0.33564814814814814 0.0125 0.04537037037037037
2 0.6629375000000001 0.3998703703703704 0.01484375 0.044703703703703676
2 0.32916666666666666 0.3819444444444444 0.013541666666666667 0.05092592592592592
3 0.48125 0.37592592592592594 0.009375 0.04814814814814815
1 0.90421875 0.39361111111111113 0.015625 0.04814814814814815
2 0.10833333333333334 0.5578703703703703 0.01875 0.062037037037037036
2 0.14583333333333334 0.6185185185185185 0.015625 0.07407407407407407
2 0.18489583333333334 0.4777777777777778 0.014583333333333334 0.06111111111111111
2 0.4609375 0.5703703703703704 0.019791666666666666 0.06481481481481481
2 0.5278645833333333 0.7453703703703703 0.025520833333333333 0.07592592592592592
0 0.6483906249999999 0.4205462962962963 0.006609375000000028 0.011722222222222193
3 0.6853593749999999 0.22964814814814818 0.008213541666666657 0.0316111111111111
2 0.3897395833333333 0.23542592592592593 0.011911458333333276 0.0316111111111111