3 0.24479166666666666 0.2675925925925926 0.008333333333333333 0.02962962962962963
2 0.66875 0.37962962962962965 0.0125 0.04814814814814815
2 0.6768229166666667 0.33611111111111114 0.0109375 0.03518518518518519
2 0.42109375 0.4009259259259259 0.009895833333333333 0.04814814814814815
2 0.6802083333333333 0.3773148148148148 0.016666666666666666 0.05092592592592592
2 0.5901041666666667 0.36435185185185187 0.010416666666666666 0.041666666666666664
2 0.5205729166666667 0.3416666666666667 0.0067708333333333336 0.04259259259259259
2 0.29921875 0.32685185185185184 0.011979166666666667 0.04259259259259259
2 0.15234375 0.38564814814814813 0.019270833333333334 0.05092592592592592
2 0.15729166666666666 0.43333333333333335 0.015625 0.05555555555555555
2 0.4296875 0.49722222222222223 0.011458333333333333 0.05555555555555555
2 0.38229166666666664 0.35138888888888886 0.011458333333333333 0.04537037037037037
2 0.35130208333333335 0.9787037037037037 0.019270833333333334 0.040740740740740744
2 0.6044270833333333 0.3902777777777778 0.0109375 0.04722222222222222
2 0.12526041666666668 0.49444444444444446 0.0203125 0.05925925925925926
3 0.53515625 0.4303148148148148 0.0140625 0.05092592592592592
2 0.45208333333333334 0.42592592592592593 0.01875 0.04814814814814815
2 0.11901041666666666 0.5578703703703703 0.0234375 0.06574074074074074
2 0.7302083333333333 0.6166666666666667 0.019791666666666666 0.06296296296296296
2 0.14348958333333334 0.7333333333333333 0.022395833333333334 0.07592592592592592
2 0.7723958333333333 0.5472222222222223 0.014583333333333334 0.05925925925925926
2 0.49713541666666666 0.5393518518518519 0.016145833333333335 0.062037037037037036
2 0.8109375 0.4476851851851852 0.0125 0.05648148148148148
0 0.6631458333333333 0.34191666666666665 0.005020833333333267 0.010490740740740778