2 0.6510416666666666 0.33611111111111114 0.008333333333333333 0.03333333333333333
2 0.4234375 0.3439814814814815 0.007291666666666667 0.03981481481481482
2 0.7263020833333333 0.2949074074074074 0.008854166666666666 0.032407407407407406
2 0.7799479166666666 0.29305555555555557 0.0078125 0.030555555555555555
2 0.42630208333333336 0.37453703703703706 0.009895833333333333 0.04537037037037037
2 0.415625 0.38287037037037036 0.008333333333333333 0.04537037037037037
2 0.6502604166666667 0.3611111111111111 0.0109375 0.040740740740740744
2 0.48515625 0.42453703703703705 0.0109375 0.04722222222222222
2 0.5518229166666667 0.3060185185185185 0.0067708333333333336 0.032407407407407406
1 0.007291666666666667 0.4115740740740741 0.0125 0.049074074074074076
2 0.5947916666666667 0.3537037037037037 0.011458333333333333 0.040740740740740744
2 0.5252604166666667 0.4546296296296296 0.0140625 0.05
2 0.8705729166666667 0.42777777777777776 0.011979166666666667 0.05
2 0.7841145833333333 0.362962962962963 0.009895833333333333 0.040740740740740744
2 0.7497395833333333 0.44351851851851853 0.013020833333333334 0.04814814814814815
2 0.928125 0.4324074074074074 0.011458333333333333 0.05
3 0.5731770833333333 0.4074074074074074 0.009895833333333333 0.04814814814814815
2 0.3763020833333333 0.4527777777777778 0.011979166666666667 0.053703703703703705
2 0.42682291666666666 0.6694444444444444 0.0171875 0.06481481481481481
2 0.8026041666666667 0.6513888888888889 0.015625 0.06759259259259259
2 0.38958333333333334 0.5305555555555556 0.011458333333333333 0.06111111111111111
2 0.51015625 0.7111111111111111 0.024479166666666666 0.06851851851851852
3 0.4232916666666667 0.2700092592592593 0.007052083333333315 0.03247222222222227
0 0.737515625 0.3204074074074074 0.005989583333333334 0.008851851851851802