2 0.3611979166666667 0.5898148148148148 0.009895833333333333 0.03888888888888889
0 0.5296875 0.7287037037037037 0.00625 0.011111111111111112
2 0.42161458333333335 0.3731481481481482 0.008854166666666666 0.040740740740740744
2 0.36354166666666665 0.6333333333333333 0.022916666666666665 0.06481481481481481
2 0.19791666666666666 0.7055555555555556 0.011458333333333333 0.06481481481481481
2 0.6427083333333333 0.387037037037037 0.008333333333333333 0.03888888888888889
1 0.14270833333333333 0.4125 0.014583333333333334 0.04351851851851852
2 0.45390625 0.562962962962963 0.0109375 0.05185185185185185
2 0.44166666666666665 0.425 0.008333333333333333 0.044444444444444446
2 0.23671875 0.5921296296296297 0.009895833333333333 0.06018518518518518
2 0.3533854166666667 0.41435185185185186 0.011979166666666667 0.04537037037037037
2 0.3390625 0.42083333333333334 0.009375 0.04537037037037037
2 0.30390625 0.48657407407407405 0.008854166666666666 0.05092592592592592
3 0.45338541666666665 0.500462962962963 0.011979166666666667 0.049074074074074076
3 0.8345052083333333 0.9398148148148148 0.019791666666666666 0.08148148148148149
2 0.20729166666666668 0.6097222222222223 0.014583333333333334 0.062037037037037036
2 0.75703125 0.6439814814814815 0.016145833333333335 0.06388888888888888
2 0.4044270833333333 0.6861111111111111 0.0234375 0.06851851851851852
2 0.73359375 0.4675925925925926 0.011979166666666667 0.05
2 0.5989583333333334 0.5092592592592593 0.015625 0.046296296296296294
2 0.3776041666666667 0.7398148148148148 0.011458333333333333 0.07222222222222222
2 0.5390625 0.7046296296296296 0.011458333333333333 0.06851851851851852
2 0.50625 0.5745370370370371 0.0125 0.05462962962962963
2 0.6841145833333333 0.6226851851851852 0.013020833333333334 0.06759259259259259
3 0.45416666666666666 0.2919351851851852 0.009401041666666643 0.03149074074074073