2 0.5989583333333334 0.2763888888888889 0.008333333333333333 0.030555555555555555
2 0.2984375 0.30925925925925923 0.010416666666666666 0.03888888888888889
2 0.6575520833333334 0.39305555555555555 0.009895833333333333 0.04351851851851852
2 0.5692708333333333 0.31805555555555554 0.010416666666666666 0.03425925925925926
2 0.79296875 0.37222222222222223 0.008854166666666666 0.040740740740740744
2 0.75703125 0.3425925925925926 0.0067708333333333336 0.037037037037037035
2 0.7513020833333334 0.524074074074074 0.0078125 0.05555555555555555
2 0.7434895833333334 0.4736111111111111 0.009895833333333333 0.049074074074074076
2 0.78515625 0.3587962962962963 0.0078125 0.041666666666666664
2 0.7752604166666667 0.5773148148148148 0.0109375 0.06018518518518518
1 0.21067708333333332 0.38425925925925924 0.0140625 0.04814814814814815
2 0.10208333333333333 0.4666666666666667 0.010416666666666666 0.04814814814814815
2 0.7044270833333334 0.3527777777777778 0.0078125 0.037037037037037035
2 0.34270833333333334 0.4217592592592593 0.008333333333333333 0.049074074074074076
2 0.45026041666666666 0.38101851851851853 0.0078125 0.03981481481481482
3 0.628125 0.3861111111111111 0.007291666666666667 0.04259259259259259
2 0.7966145833333333 0.4888888888888889 0.008854166666666666 0.05555555555555555
2 0.43072916666666666 0.41712962962962963 0.008333333333333333 0.049074074074074076
2 0.72421875 0.6129629629629629 0.016145833333333335 0.06296296296296296
2 0.3502604166666667 0.7648148148148148 0.019270833333333334 0.07407407407407407
2 0.6450520833333333 0.6037037037037037 0.011979166666666667 0.06296296296296296
2 0.5088541666666667 0.6236111111111111 0.013541666666666667 0.062037037037037036
3 0.8533854166666667 0.9310185185185185 0.025520833333333333 0.08611111111111111
0 0.22834375 0.40418518518518515 0.005406249999999998 0.010675925925925901
3 0.359484375 0.24470370370370367 0.009302083333333282 0.03340740740740745