2 0.32317708333333334 0.41805555555555557 0.011979166666666667 0.03981481481481482
2 0.11666666666666667 0.48009259259259257 0.015625 0.04537037037037037
2 0.37734375 0.4222222222222222 0.0067708333333333336 0.04259259259259259
2 0.13489583333333333 0.48703703703703705 0.011458333333333333 0.04814814814814815
2 0.4700520833333333 0.4787037037037037 0.013020833333333334 0.046296296296296294
2 0.42526041666666664 0.5013888888888889 0.0078125 0.049074074074074076
2 0.5825520833333333 0.37453703703703706 0.0078125 0.032407407407407406
2 0.765625 0.5805555555555556 0.009375 0.053703703703703705
3 0.48984375 0.4513888888888889 0.0109375 0.04351851851851852
2 0.31223958333333335 0.5944444444444444 0.009895833333333333 0.05925925925925926
2 0.82578125 0.4513888888888889 0.0109375 0.041666666666666664
2 0.8036458333333333 0.43472222222222223 0.009375 0.041666666666666664
2 0.5890625 0.42268518518518516 0.0125 0.041666666666666664
2 0.54140625 0.5837962962962963 0.0109375 0.05462962962962963
2 0.3963541666666667 0.7018518518518518 0.020833333333333332 0.06481481481481481
2 0.6354166666666666 0.5300925925925926 0.0125 0.05277777777777778
2 0.8880208333333334 0.7069444444444445 0.017708333333333333 0.06944444444444445
2 0.46432291666666664 0.6305555555555555 0.011979166666666667 0.06111111111111111
2 0.8921875 0.5416666666666666 0.014583333333333334 0.053703703703703705
2 0.87109375 0.8050925925925926 0.018229166666666668 0.0787037037037037
2 0.5598958333333334 0.7425925925925926 0.025 0.06666666666666667
3 0.9198906250000001 0.35609259259259257 0.011416666666666705 0.03961111111111108