2 0.6768229166666667 0.41805555555555557 0.011979166666666667 0.03981481481481482
2 0.8833333333333333 0.48009259259259257 0.015625 0.04537037037037037
2 0.62265625 0.4222222222222222 0.0067708333333333336 0.04259259259259259
2 0.8651041666666667 0.48703703703703705 0.011458333333333333 0.04814814814814815
2 0.5299479166666666 0.4787037037037037 0.013020833333333334 0.046296296296296294
2 0.5747395833333333 0.5013888888888889 0.0078125 0.049074074074074076
2 0.41744791666666664 0.37453703703703706 0.0078125 0.032407407407407406
2 0.234375 0.5805555555555556 0.009375 0.053703703703703705
3 0.51015625 0.4513888888888889 0.0109375 0.04351851851851852
2 0.6877604166666667 0.5944444444444444 0.009895833333333333 0.05925925925925926
2 0.17421875 0.4513888888888889 0.0109375 0.041666666666666664
2 0.19635416666666666 0.43472222222222223 0.009375 0.041666666666666664
2 0.4109375 0.42268518518518516 0.0125 0.041666666666666664
2 0.45859375 0.5837962962962963 0.0109375 0.05462962962962963
2 0.6036458333333333 0.7018518518518518 0.020833333333333332 0.06481481481481481
2 0.3645833333333333 0.5300925925925926 0.0125 0.05277777777777778
2 0.11197916666666667 0.7069444444444445 0.017708333333333333 0.06944444444444445
2 0.5356770833333333 0.6305555555555555 0.011979166666666667 0.06111111111111111
2 0.1078125 0.5416666666666666 0.014583333333333334 0.053703703703703705
2 0.12890625 0.8050925925925926 0.018229166666666668 0.0787037037037037
2 0.4401041666666667 0.7425925925925926 0.025 0.06666666666666667
3 0.080109375 0.35609259259259257 0.011416666666666676 0.03961111111111108