2 0.5790677083333333 0.4189074074074074 0.007093749999999943 0.03440740740740738
2 0.3578125 0.44166666666666665 0.011458333333333333 0.037037037037037035
2 0.3377604166666667 0.4393518518518518 0.011979166666666667 0.03611111111111111
2 0.6158854166666666 0.4217592592592593 0.0067708333333333336 0.03611111111111111
2 0.6497395833333334 0.475 0.009895833333333333 0.03888888888888889
2 0.5283854166666667 0.4671296296296296 0.0109375 0.04351851851851852
2 0.8494791666666667 0.5615740740740741 0.017708333333333333 0.04351851851851852
3 0.58046875 0.49722222222222223 0.008854166666666666 0.044444444444444446
2 0.36432291666666666 0.5518518518518518 0.011979166666666667 0.05185185185185185
2 0.15104166666666666 0.5569444444444445 0.010416666666666666 0.05648148148148148
2 0.5822916666666667 0.5527777777777778 0.011458333333333333 0.05
2 0.37786458333333334 0.5574074074074075 0.015104166666666667 0.05
2 0.13619791666666667 0.6273148148148148 0.013020833333333334 0.06018518518518518
2 0.14869791666666668 0.6175925925925926 0.0140625 0.06481481481481481
3 0.11276041666666667 0.8148148148148148 0.0140625 0.08518518518518518
2 0.7114583333333333 0.5333333333333333 0.009375 0.04814814814814815
2 0.56015625 0.6305555555555555 0.0140625 0.06296296296296296
2 0.6033854166666667 0.6166666666666667 0.0171875 0.053703703703703705
2 0.78359375 0.6083333333333333 0.0203125 0.05740740740740741
3 0.48292708333333334 0.3469259259259259 0.005901041666666629 0.023314814814814767
2 0.928265625 0.5458981481481482 0.010885416666666713 0.04794444444444442
2 0.9380624999999999 0.5528333333333333 0.014390625000000056 0.03425925925925926
0 0.9473489583333333 0.570861111111111 0.004796875000000019 0.007185185185185176
1 0.675359375 0.41278703703703706 0.01146354166666678 0.04102777777777783