2 0.4434895833333333 0.4166666666666667 0.011979166666666667 0.03333333333333333
2 0.7330729166666666 0.45231481481481484 0.0109375 0.03981481481481482
2 0.4200520833333333 0.4287037037037037 0.008854166666666666 0.03888888888888889
2 0.30546875 0.5083333333333333 0.013020833333333334 0.046296296296296294
2 0.8557291666666667 0.5986111111111111 0.0125 0.058333333333333334
2 0.86171875 0.5712962962962963 0.0140625 0.05740740740740741
2 0.15651041666666668 0.5842592592592593 0.016145833333333335 0.046296296296296294
2 0.3848958333333333 0.44212962962962965 0.008333333333333333 0.041666666666666664
2 0.10749479166666666 0.6133055555555555 0.019484374999999984 0.0580925925925926
2 0.5122395833333333 0.47175925925925927 0.008854166666666666 0.041666666666666664
2 0.6619791666666667 0.5726851851851852 0.010416666666666666 0.058333333333333334
2 0.31692708333333336 0.5791666666666667 0.0140625 0.05277777777777778
2 0.6661458333333333 0.4425925925925926 0.00625 0.040740740740740744
2 0.228125 0.6398148148148148 0.015625 0.05555555555555555
3 0.44296875 0.5092592592592593 0.013020833333333334 0.04814814814814815
2 0.83359375 0.6152777777777778 0.013020833333333334 0.06018518518518518
2 0.4080729166666667 0.5944444444444444 0.0109375 0.05740740740740741
3 0.8903854166666666 0.8270925925925926 0.022354166666666706 0.08566666666666665
2 0.6494791666666667 0.5837962962962963 0.019791666666666666 0.05462962962962963
2 0.42213541666666665 0.6439814814814815 0.019270833333333334 0.058333333333333334
2 0.24895833333333334 0.6398148148148148 0.0125 0.05740740740740741
2 0.46536458333333336 0.6712962962962963 0.0171875 0.06851851851851852
1 0.27314583333333337 0.4143240740740741 0.01111979166666662 0.04108333333333334
0 0.11488020833333333 0.594388888888889 0.005572916666666661 0.010212962962962938
3 0.5303906250000001 0.34299999999999997 0.007614583333333276 0.02839814814814811