2 0.7184166666666667 0.46722222222222226 0.01629166666666677 0.03777777777777774
2 0.5603854166666667 0.4066759259259259 0.009255208333333324 0.032962962962962986
2 0.739140625 0.4776574074074074 0.012338541666666696 0.038648148148148154
3 0.5994947916666666 0.4863611111111111 0.008364583333333305 0.04308333333333331
2 0.815625 0.48703703703703705 0.008333333333333333 0.040740740740740744
2 0.5770833333333333 0.41712962962962963 0.010416666666666666 0.03611111111111111
2 0.59765625 0.5055555555555555 0.009895833333333333 0.044444444444444446
2 0.9098958333333333 0.5504629629629629 0.011458333333333333 0.04722222222222222
2 0.36276041666666664 0.43287037037037035 0.0067708333333333336 0.03981481481481482
2 0.8807291666666667 0.5282407407407408 0.0125 0.049074074074074076
2 0.3966145833333333 0.4300925925925926 0.008854166666666666 0.03796296296296296
2 0.1109375 0.6513888888888889 0.010416666666666666 0.06944444444444445
2 0.771875 0.5625 0.0125 0.05277777777777778
2 0.09427083333333333 0.5402777777777777 0.013541666666666667 0.05277777777777778
2 0.4122395833333333 0.5291666666666667 0.009895833333333333 0.05277777777777778
2 0.5614583333333333 0.5995370370370371 0.013541666666666667 0.058333333333333334
2 0.08880208333333334 0.6611111111111111 0.013020833333333334 0.06851851851851852
2 0.58828125 0.5976851851851852 0.0171875 0.05277777777777778
2 0.4276041666666667 0.5393518518518519 0.011458333333333333 0.05092592592592592
3 0.05677083333333333 0.8393518518518519 0.014583333333333334 0.09166666666666666
2 0.72371875 0.45602777777777775 0.008598958333333446 0.03963888888888884
1 0.6613020833333334 0.4169907407407408 0.01590624999999998 0.03405555555555553
2 0.5678020833333333 0.41711111111111115 0.009015624999999972 0.03725000000000002
3 0.47488541666666667 0.3380648148148148 0.007078124999999958 0.028518518518518478