2 0.70625 0.3490740740740741 0.0125 0.03888888888888889
2 0.29973958333333334 0.3875 0.0078125 0.041666666666666664
2 0.18541666666666667 0.40175 0.010416666666666666 0.040740740740740744
2 0.3059895833333333 0.39305555555555555 0.008854166666666666 0.03981481481481482
1 0.8700520833333333 0.3888888888888889 0.0109375 0.040740740740740744
2 0.6315104166666666 0.42268518518518516 0.008854166666666666 0.041666666666666664
2 0.7385416666666667 0.3824074074074074 0.008333333333333333 0.037037037037037035
2 0.77109375 0.3768518518518518 0.008854166666666666 0.040740740740740744
2 0.13697916666666668 0.5069444444444444 0.013541666666666667 0.06018518518518518
2 0.5518229166666667 0.5504629629629629 0.016145833333333335 0.05092592592592592
2 0.8231770833333333 0.4583333333333333 0.008854166666666666 0.046296296296296294
3 0.6765625 0.37556481481481485 0.009375 0.03981481481481482
2 0.8408854166666667 0.4310185185185185 0.013020833333333334 0.04722222222222222
2 0.7171875 0.42962962962962964 0.009375 0.04259259259259259
2 0.28619791666666666 0.38564814814814813 0.0067708333333333336 0.03796296296296296
2 0.32083333333333336 0.4513888888888889 0.011458333333333333 0.049074074074074076
2 0.5190104166666667 0.4185185185185185 0.011979166666666667 0.04814814814814815
2 0.16484375 0.4449074074074074 0.013020833333333334 0.05092592592592592
2 0.5838541666666667 0.39305555555555555 0.008333333333333333 0.03981481481481482
2 0.49661458333333336 0.45185185185185184 0.008854166666666666 0.04814814814814815
2 0.14765625 0.5481481481481482 0.019270833333333334 0.06296296296296296
3 0.166578125 0.3500925925925926 0.008411458333333321 0.032120370370370424
2 0.7732552083333334 0.35450000000000004 0.008541666666666715 0.033953703703703667
0 0.7784739583333333 0.36483333333333334 0.004458333333333305 0.007509259259259272