3 0.84609375 0.32916666666666666 0.008854166666666666 0.03611111111111111
2 0.6513697916666668 0.33505555555555555 0.013156250000000114 0.033074074074074096
2 0.6398333333333334 0.33716666666666667 0.009973958333333382 0.03721296296296301
2 0.24661458333333333 0.32222222222222224 0.0078125 0.037037037037037035
2 0.2872395833333333 0.3351851851851852 0.009895833333333333 0.03888888888888889
2 0.7317708333333334 0.3587962962962963 0.009375 0.03796296296296296
2 0.6200520833333333 0.3574074074074074 0.013020833333333334 0.040740740740740744
1 0.09166666666666666 0.36944444444444446 0.011458333333333333 0.046296296296296294
2 0.27421875 0.3425925925925926 0.0078125 0.04259259259259259
2 0.6364583333333333 0.4 0.009375 0.044444444444444446
3 0.39739583333333334 0.35138888888888886 0.011458333333333333 0.04351851851851852
2 0.42239583333333336 0.3449074074074074 0.007291666666666667 0.03981481481481482
2 0.4549479166666667 0.37407407407407406 0.0109375 0.03888888888888889
2 0.3723958333333333 0.38425925925925924 0.011458333333333333 0.044444444444444446
2 0.4140625 0.38564814814814813 0.009375 0.04722222222222222
2 0.19453125 0.41944444444444445 0.0140625 0.05
2 0.21119791666666668 0.44212962962962965 0.015104166666666667 0.04722222222222222
2 0.8541666666666666 0.4125 0.0125 0.05277777777777778
2 0.5393229166666667 0.42962962962962964 0.0078125 0.05
2 0.8114583333333333 0.5310185185185186 0.016666666666666666 0.06759259259259259
2 0.8348958333333333 0.48148148148148145 0.011458333333333333 0.06111111111111111
2 0.60078125 0.549537037037037 0.019270833333333334 0.06018518518518518