2 0.42472916666666666 0.38349074074074074 0.012473958333333358 0.02623148148148152
2 0.28013020833333335 0.46925925925925926 0.009536458333333305 0.04037037037037039
2 0.20234375 0.48194444444444445 0.009895833333333333 0.041666666666666664
2 0.4953125 0.4273148148148148 0.010416666666666666 0.03425925925925926
2 0.5575520833333333 0.42268518518518516 0.009895833333333333 0.03611111111111111
2 0.07552083333333333 0.5671296296296297 0.0125 0.05092592592592592
2 0.6377604166666667 0.500462962962963 0.0140625 0.04537037037037037
2 0.8846354166666667 0.5180555555555556 0.009895833333333333 0.049074074074074076
2 0.19375 0.5083333333333333 0.009375 0.04259259259259259
3 0.3997395833333333 0.4791666666666667 0.016145833333333335 0.04351851851851852
2 0.44192708333333336 0.4689814814814815 0.008854166666666666 0.03981481481481482
2 0.6669270833333333 0.48842592592592593 0.0109375 0.04351851851851852
2 0.83515625 0.5814814814814815 0.0140625 0.06111111111111111
2 0.42942708333333335 0.6138888888888889 0.018229166666666668 0.05555555555555555
2 0.2643229166666667 0.5537037037037037 0.015104166666666667 0.05185185185185185
2 0.859375 0.5828703703703704 0.013541666666666667 0.05648148148148148
2 0.5203125 0.6013888888888889 0.020833333333333332 0.058333333333333334
1 0.9052083333333333 0.8328703703703704 0.021875 0.08796296296296297
3 0.47433854166666667 0.3378703703703704 0.007302083333333324 0.02653703703703701
2 0.367125 0.41732407407407407 0.011760416666666629 0.03668518518518519
2 0.35803124999999997 0.41370370370370374 0.012973958333333376 0.03192592592592594
2 0.3173489583333333 0.42314814814814816 0.01271354166666671 0.03618518518518522
2 0.30325520833333336 0.4229351851851852 0.012281249999999962 0.03668518518518519
1 0.275984375 0.41130555555555554 0.008656249999999944 0.038490740740740784