2 0.54453125 0.45925925925925926 0.0109375 0.03333333333333333
2 0.7473958333333334 0.42592592592592593 0.007291666666666667 0.03518518518518519
2 0.6794270833333333 0.5393518518518519 0.011979166666666667 0.03981481481481482
2 0.7598958333333333 0.4393518518518518 0.008333333333333333 0.03425925925925926
2 0.6825520833333333 0.5046296296296297 0.008854166666666666 0.03888888888888889
2 0.4864583333333333 0.4777777777777778 0.009375 0.04259259259259259
3 0.6307291666666667 0.4875 0.010416666666666666 0.04351851851851852
2 0.6854166666666667 0.5712962962962963 0.009375 0.05555555555555555
2 0.46588541666666666 0.5208333333333334 0.015104166666666667 0.03981481481481482
2 0.48489583333333336 0.524537037037037 0.010416666666666666 0.04351851851851852
2 0.24505208333333334 0.5527777777777778 0.009895833333333333 0.04814814814814815
1 0.14791666666666667 0.48912037037037037 0.011458333333333333 0.044444444444444446
2 0.8072916666666666 0.5814814814814815 0.010416666666666666 0.053703703703703705
2 0.77890625 0.49212962962962964 0.008854166666666666 0.04351851851851852
2 0.85546875 0.6175925925925926 0.0171875 0.06111111111111111
2 0.6645833333333333 0.7199074074074074 0.014583333333333334 0.062037037037037036
2 0.8026041666666667 0.6671296296296296 0.014583333333333334 0.062037037037037036
2 0.33828125 0.4699074074074074 0.0078125 0.041666666666666664
2 0.4578125 0.612037037037037 0.014583333333333334 0.05555555555555555
2 0.3723958333333333 0.7101851851851851 0.020833333333333332 0.06296296296296296
3 0.93984375 0.8261388888888889 0.022395833333333334 0.08333333333333333
0 0.30706770833333336 0.5286296296296296 0.0067031249999999435 0.012111111111111043
3 0.41526041666666663 0.3756481481481481 0.008015625000000052 0.028925925925925935
2 0.537390625 0.4036018518518518 0.008796874999999933 0.033129629629629606
2 0.592421875 0.43747222222222226 0.009781250000000104 0.03819444444444445