2 0.6502291666666667 0.28379629629629627 0.01399479166666661 0.03611111111111111
1 0.07421875 0.3125 0.009895833333333333 0.049074074074074076
2 0.6799479166666667 0.2689814814814815 0.011979166666666667 0.03425925925925926
2 0.29609375 0.24814814814814815 0.0109375 0.03888888888888889
2 0.7729166666666667 0.31666666666666665 0.010416666666666666 0.046296296296296294
2 0.63984375 0.3199074074074074 0.013020833333333334 0.049074074074074076
2 0.34921875 0.31805555555555554 0.011979166666666667 0.04537037037037037
2 0.7640625 0.3449074074074074 0.0125 0.05092592592592592
2 0.37552083333333336 0.31851851851851853 0.013541666666666667 0.03888888888888889
2 0.3848958333333333 0.2773148148148148 0.009375 0.04351851851851852
2 0.1875 0.3148148148148148 0.009375 0.04814814814814815
2 0.24609375 0.350462962962963 0.013020833333333334 0.05092592592592592
2 0.34140625 0.4305555555555556 0.011979166666666667 0.05740740740740741
2 0.8065104166666667 0.39166666666666666 0.015104166666666667 0.05555555555555555
2 0.44817708333333334 0.37407407407407406 0.0109375 0.053703703703703705
2 0.4630208333333333 0.375 0.0125 0.05740740740740741
3 0.5989583333333334 0.3638888888888889 0.011458333333333333 0.05740740740740741
2 0.765625 0.5291666666666667 0.01875 0.07685185185185185
2 0.10338541666666666 0.4898148148148148 0.016145833333333335 0.07592592592592592
2 0.39427083333333335 0.6805555555555556 0.019791666666666666 0.09814814814814815
2 0.8044270833333333 0.47962962962962963 0.0234375 0.06851851851851852
3 0.8071927083333333 0.2462314814814815 0.011901041666666619 0.04270370370370371
2 0.6404583333333332 0.24662962962962964 0.011598958333333324 0.03716666666666665
0 0.3368020833333334 0.34314814814814815 0.005276041666666723 0.010546296296296285