2 0.7075520833333333 0.17962962962962964 0.018229166666666668 0.053703703703703705
2 0.7002604166666667 0.2037037037037037 0.0140625 0.06296296296296296
2 0.6864583333333333 0.19398148148148148 0.016666666666666666 0.06574074074074074
2 0.7377604166666667 0.22361111111111112 0.0203125 0.05462962962962963
2 0.7385416666666667 0.275 0.021875 0.08148148148148149
2 0.44947916666666665 0.14953703703703702 0.009375 0.06018518518518518
2 0.79765625 0.22592592592592592 0.0109375 0.07407407407407407
2 0.20130208333333333 0.19444444444444445 0.013020833333333334 0.07037037037037037
2 0.3046875 0.1986111111111111 0.014583333333333334 0.06574074074074074
2 0.57890625 0.20277777777777778 0.021354166666666667 0.05740740740740741
2 0.2953125 0.25787037037037036 0.016666666666666666 0.06944444444444445
2 0.4171875 0.2 0.015625 0.07037037037037037
2 0.8177083333333334 0.262037037037037 0.013541666666666667 0.07407407407407407
2 0.5145833333333333 0.22870370370370371 0.025 0.05740740740740741
2 0.6169270833333333 0.22175925925925927 0.019270833333333334 0.0712962962962963
3 0.4640625 0.2638888888888889 0.019791666666666666 0.07962962962962963
2 0.48333333333333334 0.22685185185185186 0.015625 0.06851851851851852
2 0.20833333333333334 0.25324074074074077 0.013541666666666667 0.0787037037037037
2 0.3921875 0.34814814814814815 0.023958333333333335 0.07592592592592592
2 0.8802083333333334 0.3148148148148148 0.017708333333333333 0.07962962962962963
3 0.18292187499999998 0.13044444444444445 0.014651041666666665 0.06736111111111111
2 0.689296875 0.17612037037037037 0.020614583333333294 0.06339814814814812