2 0.4708333333333333 0.24212962962962964 0.00625 0.030555555555555555
2 0.6708333333333333 0.24444444444444444 0.007291666666666667 0.037037037037037035
2 0.6635416666666667 0.2564814814814815 0.009375 0.044444444444444446
2 0.37005208333333334 0.25462962962962965 0.0171875 0.05
2 0.3296875 0.24212962962962964 0.009375 0.041666666666666664
2 0.47239583333333335 0.27175925925925926 0.008333333333333333 0.04351851851851852
2 0.5044270833333333 0.24953703703703703 0.008854166666666666 0.041666666666666664
2 0.49583333333333335 0.25 0.008333333333333333 0.04259259259259259
1 0.09010416666666667 0.2962962962962963 0.009375 0.04814814814814815
3 0.5955729166666667 0.3023148148148148 0.008854166666666666 0.04722222222222222
2 0.41171875 0.2916666666666667 0.0234375 0.04259259259259259
2 0.8302083333333333 0.2898148148148148 0.0125 0.046296296296296294
2 0.8450520833333334 0.2865740740740741 0.0109375 0.049074074074074076
2 0.6953125 0.3212962962962963 0.017708333333333333 0.046296296296296294
2 0.7744791666666667 0.3287037037037037 0.0125 0.05185185185185185
2 0.59296875 0.3824074074074074 0.011979166666666667 0.06111111111111111
2 0.73203125 0.48148148148148145 0.0140625 0.07407407407407407
2 0.24244791666666668 0.41203703703703703 0.019270833333333334 0.06851851851851852
2 0.45208333333333334 0.6305555555555555 0.022916666666666665 0.09444444444444444
2 0.40546875 0.4148148148148148 0.013020833333333334 0.06481481481481481
2 0.8109375 0.4375 0.020833333333333332 0.06944444444444445
0 0.3985052083333334 0.3119444444444444 0.006067708333333381 0.010333333333333304
2 0.478828125 0.22899999999999998 0.010625000000000048 0.03560185185185189
3 0.8433177083333334 0.2404074074074074 0.00969791666666661 0.04610185185185182