2 0.7236979166666667 0.25787037037037036 0.008854166666666666 0.04537037037037037
2 0.7166666666666667 0.2611111111111111 0.009375 0.044444444444444446
2 0.5869791666666667 0.20555555555555555 0.011458333333333333 0.03333333333333333
2 0.7510416666666667 0.2847222222222222 0.009375 0.04722222222222222
2 0.6138697916666668 0.21994444444444444 0.016942708333333438 0.03618518518518517
2 0.7822916666666667 0.30092592592592593 0.008333333333333333 0.046296296296296294
2 0.6598333333333334 0.2764537037037037 0.009244791666666667 0.05079629629629631
3 0.5153645833333333 0.23564814814814813 0.0078125 0.041666666666666664
2 0.5760416666666667 0.2412037037037037 0.010416666666666666 0.041666666666666664
2 0.7455729166666667 0.32314814814814813 0.008854166666666666 0.053703703703703705
2 0.41796875 0.22546296296296298 0.008854166666666666 0.03981481481481482
2 0.7622395833333333 0.324537037037037 0.009895833333333333 0.05092592592592592
2 0.6739583333333333 0.3476851851851852 0.016666666666666666 0.05462962962962963
2 0.13932291666666666 0.2949074074074074 0.0109375 0.05277777777777778
2 0.16458333333333333 0.36712962962962964 0.017708333333333333 0.06574074074074074
2 0.47630208333333335 0.30694444444444446 0.0171875 0.049074074074074076
2 0.40130208333333334 0.29907407407407405 0.0140625 0.05185185185185185
2 0.15651041666666668 0.29398148148148145 0.0109375 0.05462962962962963
0 0.6043645833333334 0.23500000000000001 0.005458333333333343 0.010972222222222243
2 0.5761875 0.20658333333333334 0.014093749999999971 0.037731481481481484
1 0.808359375 0.2864351851851852 0.014182291666666676 0.042398148148148115
2 0.6601302083333334 0.25716666666666665 0.014401041666666715 0.04313888888888892