2 0.6731979166666666 0.2878148148148148 0.007770833333333371 0.03177777777777782
2 0.36171875 0.36342592592592593 0.008854166666666666 0.04537037037037037
2 0.578125 0.27824074074074073 0.010416666666666666 0.030555555555555555
2 0.6153645833333333 0.2898148148148148 0.0067708333333333336 0.03148148148148148
3 0.8921875 0.31666666666666665 0.009375 0.03333333333333333
2 0.45364583333333336 0.2763888888888889 0.009375 0.028703703703703703
2 0.49166666666666664 0.275 0.009375 0.03148148148148148
2 0.4434895833333333 0.32222222222222224 0.009895833333333333 0.03518518518518519
2 0.3611979166666667 0.3888888888888889 0.008854166666666666 0.04814814814814815
2 0.40729166666666666 0.3199074074074074 0.008333333333333333 0.03981481481481482
1 0.1734375 0.35185185185185186 0.009375 0.044444444444444446
2 0.9127604166666666 0.4587962962962963 0.0078125 0.05277777777777778
2 0.8716145833333333 0.37824074074074077 0.0109375 0.03981481481481482
2 0.6973958333333333 0.362962962962963 0.0125 0.04259259259259259
2 0.45390625 0.37175925925925923 0.009895833333333333 0.04537037037037037
3 0.51328125 0.3194444444444444 0.008854166666666666 0.037037037037037035
2 0.31796875 0.42453703703703705 0.0109375 0.05092592592592592
2 0.9127604166666666 0.5314814814814814 0.0171875 0.053703703703703705
2 0.5372395833333333 0.4083333333333333 0.0109375 0.04814814814814815
2 0.38307291666666665 0.4583333333333333 0.0109375 0.05
2 0.2994791666666667 0.4199074074074074 0.0125 0.049074074074074076
2 0.7765625 0.4356481481481482 0.011458333333333333 0.049074074074074076
2 0.371875 0.6222222222222222 0.013541666666666667 0.06481481481481481
0 0.4950625 0.28019444444444447 0.003651041666666662 0.005898148148148152