2 0.6286458333333333 0.27824074074074073 0.007291666666666667 0.026851851851851852
2 0.9052083333333333 0.4634259259259259 0.010416666666666666 0.04722222222222222
2 0.5192708333333333 0.3023148148148148 0.009375 0.032407407407407406
2 0.4 0.49953703703703706 0.0125 0.049074074074074076
1 0.24869791666666666 0.36712962962962964 0.0109375 0.04351851851851852
2 0.6403645833333333 0.3611111111111111 0.0140625 0.03888888888888889
2 0.8755208333333333 0.31712962962962965 0.007291666666666667 0.028703703703703703
2 0.30941145833333333 0.4981851851851852 0.019859375000000058 0.04992592592592599
2 0.46770833333333334 0.3541666666666667 0.010416666666666666 0.03796296296296296
2 0.27447916666666666 0.5425925925925926 0.017708333333333333 0.05185185185185185
2 0.40963541666666664 0.6555555555555556 0.0234375 0.06296296296296296
2 0.42135416666666664 0.37407407407407406 0.013541666666666667 0.040740740740740744
2 0.43411458333333336 0.5356481481481481 0.019270833333333334 0.05648148148148148
2 0.6049479166666667 0.3592592592592593 0.013020833333333334 0.040740740740740744
2 0.2604166666666667 0.6509259259259259 0.015625 0.06481481481481481
2 0.23828125 0.725925925925926 0.021354166666666667 0.06296296296296296
2 0.78984375 0.612037037037037 0.011979166666666667 0.05740740740740741
2 0.35598958333333336 0.4828703703703704 0.019270833333333334 0.05277777777777778
2 0.7276041666666667 0.5185185185185185 0.011458333333333333 0.05185185185185185
3 0.4734375 0.47962962962962963 0.015625 0.05
2 0.43072916666666666 0.6296296296296297 0.023958333333333335 0.05555555555555555
2 0.3090677083333333 0.4824259259259259 0.010500000000000042 0.045657407407407355
0 0.40733854166666666 0.6753888888888888 0.006723958333333376 0.01466666666666659
3 0.554953125 0.24109259259259258 0.007250000000000038 0.026925925925925964