3 0.6480989583333333 0.24157407407407405 0.006932291666666638 0.0253981481481481
1 0.014322916666666666 0.362962962962963 0.011979166666666667 0.03888888888888889
2 0.3484375 0.26064814814814813 0.00625 0.023148148148148147
2 0.6674479166666667 0.29074074074074074 0.009895833333333333 0.03148148148148148
3 0.5903645833333333 0.4263888888888889 0.0140625 0.041666666666666664
2 0.7048541666666668 0.4415648148148148 0.015286458333333286 0.03869444444444441
2 0.5893229166666667 0.46574074074074073 0.015104166666666667 0.05
2 0.5442708333333334 0.32916666666666666 0.0125 0.03611111111111111
2 0.4713541666666667 0.44537037037037036 0.008333333333333333 0.044444444444444446
2 0.5276041666666667 0.32083333333333336 0.008333333333333333 0.03611111111111111
2 0.7216145833333333 0.36527777777777776 0.013020833333333334 0.03981481481481482
1 0.9684895833333333 0.4166666666666667 0.018229166666666668 0.044444444444444446
2 0.6963541666666667 0.3587962962962963 0.010416666666666666 0.03611111111111111
2 0.46067708333333335 0.39305555555555555 0.0109375 0.03796296296296296
2 0.7619791666666667 0.4361111111111111 0.015625 0.044444444444444446
2 0.26510416666666664 0.35833333333333334 0.008333333333333333 0.037037037037037035
2 0.78359375 0.5592592592592592 0.021354166666666667 0.04814814814814815
2 0.7841145833333333 0.5 0.0203125 0.05
2 0.4796875 0.5263888888888889 0.011458333333333333 0.05277777777777778
2 0.71015625 0.8555555555555555 0.021354166666666667 0.06851851851851852
3 0.03125 0.8962962962962963 0.022916666666666665 0.08148148148148149
2 0.7109375 0.6759259259259259 0.019791666666666666 0.06296296296296296
2 0.4265625 0.625 0.026041666666666668 0.06296296296296296
2 0.7981770833333334 0.5777777777777777 0.025520833333333333 0.04814814814814815
2 0.5871302083333333 0.25435185185185183 0.00806770833333322 0.03561111111111114
0 0.43633333333333335 0.6499351851851851 0.006598958333333372 0.012675925925925976