2 0.3268020833333333 0.2878148148148148 0.007770833333333371 0.03177777777777782
2 0.63828125 0.36342592592592593 0.008854166666666666 0.04537037037037037
2 0.421875 0.27824074074074073 0.010416666666666666 0.030555555555555555
2 0.3846354166666667 0.2898148148148148 0.0067708333333333336 0.03148148148148148
3 0.1078125 0.31666666666666665 0.009375 0.03333333333333333
2 0.5463541666666667 0.2763888888888889 0.009375 0.028703703703703703
2 0.5083333333333333 0.275 0.009375 0.03148148148148148
2 0.5565104166666667 0.32222222222222224 0.009895833333333333 0.03518518518518519
2 0.6388020833333333 0.3888888888888889 0.008854166666666666 0.04814814814814815
2 0.5927083333333333 0.3199074074074074 0.008333333333333333 0.03981481481481482
1 0.8265625 0.35185185185185186 0.009375 0.044444444444444446
2 0.08723958333333333 0.4587962962962963 0.0078125 0.05277777777777778
2 0.12838541666666667 0.37824074074074077 0.0109375 0.03981481481481482
2 0.3026041666666667 0.362962962962963 0.0125 0.04259259259259259
2 0.54609375 0.37175925925925923 0.009895833333333333 0.04537037037037037
3 0.48671875 0.3194444444444444 0.008854166666666666 0.037037037037037035
2 0.68203125 0.42453703703703705 0.0109375 0.05092592592592592
2 0.08723958333333333 0.5314814814814814 0.0171875 0.053703703703703705
2 0.4627604166666667 0.4083333333333333 0.0109375 0.04814814814814815
2 0.6169270833333333 0.4583333333333333 0.0109375 0.05
2 0.7005208333333334 0.4199074074074074 0.0125 0.049074074074074076
2 0.2234375 0.4356481481481482 0.011458333333333333 0.049074074074074076
2 0.628125 0.6222222222222222 0.013541666666666667 0.06481481481481481
0 0.5049375 0.28019444444444447 0.003651041666666662 0.005898148148148152