2 0.22213541666666667 0.41064814814814815 0.0078125 0.04351851851851852
2 0.19036458333333334 0.37592592592592594 0.011979166666666667 0.04259259259259259
2 0.8825416666666667 0.4533611111111111 0.016125000000000018 0.049314814814814804
2 0.11714583333333332 0.48695370370370367 0.015536458333333326 0.05387037037037043
2 0.4119791666666667 0.35185185185185186 0.008333333333333333 0.03888888888888889
2 0.25703125 0.3958333333333333 0.0067708333333333336 0.04351851851851852
2 0.22864583333333333 0.4842592592592593 0.013541666666666667 0.05925925925925926
2 0.43020833333333336 0.42314814814814816 0.010416666666666666 0.05185185185185185
2 0.60390625 0.3106481481481482 0.0078125 0.03981481481481482
1 0.796875 0.3635277777777778 0.009375 0.04351851851851852
3 0.32578125 0.42268518518518516 0.013020833333333334 0.049074074074074076
2 0.25390625 0.4930555555555556 0.008854166666666666 0.05462962962962963
2 0.41901041666666666 0.4273148148148148 0.0078125 0.049074074074074076
2 0.12630208333333334 0.5402777777777777 0.016145833333333335 0.06944444444444445
2 0.19036458333333334 0.6476851851851851 0.015104166666666667 0.07314814814814814
2 0.45234375 0.663425925925926 0.0140625 0.075
2 0.1734375 0.5652777777777778 0.011458333333333333 0.06574074074074074
2 0.40338541666666666 0.5083333333333333 0.0171875 0.05740740740740741
2 0.117484375 0.47009259259259256 0.014776041666666668 0.05359259259259259
2 0.12872395833333333 0.39387037037037037 0.01438541666666667 0.05077777777777781
2 0.20268229166666665 0.3347222222222222 0.01271354166666665 0.04507407407407403
3 0.13296875 0.30265740740740743 0.011161458333333308 0.0404444444444444
2 0.325359375 0.3002314814814815 0.009359375000000014 0.035574074074074036
0 0.8445833333333332 0.4655 0.005156250000000047 0.01073148148148151