3 0.7856770833333333 0.2013888888888889 0.008854166666666666 0.041666666666666664
2 0.38723958333333336 0.23287037037037037 0.0109375 0.04722222222222222
2 0.6934895833333333 0.2222222222222222 0.015104166666666667 0.037037037037037035
2 0.6151041666666667 0.2625 0.008333333333333333 0.049074074074074076
2 0.6380208333333334 0.29259259259259257 0.010416666666666666 0.05
2 0.825 0.2902777777777778 0.011458333333333333 0.05648148148148148
2 0.5078125 0.2689814814814815 0.009375 0.05092592592592592
2 0.47317708333333336 0.2972222222222222 0.013020833333333334 0.05555555555555555
2 0.8375 0.34675925925925927 0.0125 0.062037037037037036
2 0.73203125 0.3175925925925926 0.0109375 0.05740740740740741
2 0.4044270833333333 0.2884259259259259 0.011979166666666667 0.05092592592592592
2 0.8565104166666667 0.38101851851851853 0.0140625 0.06759259259259259
2 0.6580729166666667 0.36203703703703705 0.0140625 0.05925925925925926
3 0.7348958333333333 0.37546296296296294 0.013541666666666667 0.06944444444444445
2 0.1875 0.48333333333333334 0.0125 0.07777777777777778
2 0.8859375 0.42407407407407405 0.014583333333333334 0.07592592592592592
2 0.44036458333333334 0.36435185185185187 0.0140625 0.06388888888888888
1 0.09713541666666667 0.3194444444444444 0.0140625 0.05740740740740741
2 0.80390625 0.43703703703703706 0.011979166666666667 0.06851851851851852
2 0.5231770833333333 0.43287037037037035 0.016145833333333335 0.06944444444444445
2 0.6075520833333333 0.7064814814814815 0.018229166666666668 0.1
2 0.8658854166666666 0.5425925925925926 0.0203125 0.08333333333333333
0 0.4069947916666667 0.30766666666666664 0.005499999999999972 0.011370370370370345
2 0.6193072916666668 0.2039351851851852 0.009614583333333352 0.04297222222222219