2 0.34817708333333336 0.29768518518518516 0.0067708333333333336 0.026851851851851852
2 0.5028645833333333 0.29583333333333334 0.008854166666666666 0.03796296296296296
2 0.5674479166666667 0.38657407407407407 0.009895833333333333 0.049074074074074076
2 0.6231770833333333 0.29768518518518516 0.0078125 0.032407407407407406
3 0.44895833333333335 0.35694444444444445 0.00625 0.04351851851851852
2 0.5434895833333333 0.3587962962962963 0.0078125 0.04537037037037037
2 0.39010416666666664 0.32175925925925924 0.009375 0.04351851851851852
2 0.7096354166666666 0.33287037037037037 0.008854166666666666 0.04537037037037037
2 0.5575520833333333 0.32916666666666666 0.0067708333333333336 0.04351851851851852
2 0.42239583333333336 0.38657407407407407 0.009375 0.04537037037037037
2 0.31197916666666664 0.37037037037037035 0.007291666666666667 0.04814814814814815
2 0.27421875 0.36018518518518516 0.0078125 0.05
2 0.25104166666666666 0.40879629629629627 0.010416666666666666 0.05648148148148148
2 0.5744791666666667 0.4013888888888889 0.014583333333333334 0.05092592592592592
2 0.7752604166666667 0.3912037037037037 0.009895833333333333 0.05277777777777778
2 0.2671875 0.5037037037037037 0.014583333333333334 0.07037037037037037
2 0.7765625 0.5055555555555555 0.0125 0.06296296296296296
2 0.29583333333333334 0.6851851851851852 0.030208333333333334 0.09259259259259259
3 0.6829791666666668 0.2799351851851852 0.009958333333333276 0.03353703703703706
0 0.6709739583333333 0.33671296296296294 0.004578124999999981 0.010740740740740762
2 0.42103645833333336 0.2805185185185185 0.009369791666666672 0.039796296296296316