2 0.6518229166666667 0.29768518518518516 0.0067708333333333336 0.026851851851851852
2 0.49713541666666666 0.29583333333333334 0.008854166666666666 0.03796296296296296
2 0.43255208333333334 0.38657407407407407 0.009895833333333333 0.049074074074074076
2 0.3768229166666667 0.29768518518518516 0.0078125 0.032407407407407406
3 0.5510416666666667 0.35694444444444445 0.00625 0.04351851851851852
2 0.45651041666666664 0.3587962962962963 0.0078125 0.04537037037037037
2 0.6098958333333333 0.32175925925925924 0.009375 0.04351851851851852
2 0.2903645833333333 0.33287037037037037 0.008854166666666666 0.04537037037037037
2 0.44244791666666666 0.32916666666666666 0.0067708333333333336 0.04351851851851852
2 0.5776041666666667 0.38657407407407407 0.009375 0.04537037037037037
2 0.6880208333333333 0.37037037037037035 0.007291666666666667 0.04814814814814815
2 0.72578125 0.36018518518518516 0.0078125 0.05
2 0.7489583333333333 0.40879629629629627 0.010416666666666666 0.05648148148148148
2 0.42552083333333335 0.4013888888888889 0.014583333333333334 0.05092592592592592
2 0.22473958333333333 0.3912037037037037 0.009895833333333333 0.05277777777777778
2 0.7328125 0.5037037037037037 0.014583333333333334 0.07037037037037037
2 0.2234375 0.5055555555555555 0.0125 0.06296296296296296
2 0.7041666666666667 0.6851851851851852 0.030208333333333334 0.09259259259259259
3 0.3170208333333333 0.2799351851851852 0.009958333333333276 0.03353703703703706
0 0.32902604166666666 0.33671296296296294 0.004578124999999981 0.010740740740740762
2 0.5789635416666666 0.2805185185185185 0.009369791666666552 0.039796296296296316