0 0.275 0.5504629629629629 0.0125 0.012037037037037037
2 0.8703125 0.26481481481481484 0.013541666666666667 0.046296296296296294
2 0.6809895833333334 0.22037037037037038 0.0171875 0.05185185185185185
3 0.90390625 0.20925925925925926 0.0140625 0.046296296296296294
2 0.4901041666666667 0.2152777777777778 0.011458333333333333 0.04537037037037037
2 0.5283854166666667 0.23472222222222222 0.009895833333333333 0.04722222222222222
2 0.41901041666666666 0.2689814814814815 0.015104166666666667 0.05648148148148148
3 0.5317708333333333 0.3143518518518518 0.0125 0.05462962962962963
2 0.39401041666666664 0.5375 0.018229166666666668 0.06759259259259259
2 0.5231770833333333 0.3398148148148148 0.015104166666666667 0.06111111111111111
2 0.3015625 0.36203703703703705 0.013541666666666667 0.06666666666666667
2 0.7197916666666667 0.3685185185185185 0.015625 0.06296296296296296
2 0.7947916666666667 0.3074074074074074 0.015625 0.06111111111111111
2 0.675 0.31666666666666665 0.016666666666666666 0.06296296296296296
2 0.9229166666666667 0.3958333333333333 0.0125 0.06574074074074074
2 0.4354166666666667 0.42916666666666664 0.020833333333333332 0.06944444444444445
2 0.7736979166666667 0.5981481481481481 0.018229166666666668 0.08703703703703704
2 0.6049479166666667 0.3648148148148148 0.016145833333333335 0.06111111111111111
2 0.32083333333333336 0.3958333333333333 0.015625 0.0712962962962963
2 0.21223958333333334 0.5722222222222222 0.0203125 0.07592592592592592
2 0.7018229166666666 0.4726851851851852 0.0171875 0.07685185185185185
2 0.2596354166666667 0.41203703703703703 0.0203125 0.07222222222222222
2 0.18125 0.5962962962962963 0.035416666666666666 0.07037037037037037