3 0.3580729166666667 0.2490740740740741 0.0067708333333333336 0.027777777777777776
2 0.5046875 0.29212962962962963 0.009375 0.041666666666666664
2 0.6690104166666667 0.33101851851851855 0.0109375 0.03796296296296296
3 0.5559895833333334 0.35694444444444445 0.009895833333333333 0.04722222222222222
2 0.6888020833333334 0.3337962962962963 0.0109375 0.04537037037037037
2 0.6096354166666667 0.4041666666666667 0.008854166666666666 0.049074074074074076
2 0.371875 0.6842592592592592 0.021875 0.06481481481481481
2 0.7255208333333333 0.38101851851851853 0.010416666666666666 0.05092592592592592
2 0.590625 0.3972222222222222 0.014583333333333334 0.05
2 0.4549479166666667 0.42777777777777776 0.0140625 0.053703703703703705
2 0.7604166666666666 0.42824074074074076 0.0125 0.05648148148148148
2 0.7135416666666666 0.38657407407407407 0.011458333333333333 0.05092592592592592
3 0.9511927083333334 0.7351851851851852 0.021572916666666705 0.07777777777777778
2 0.6416666666666667 0.7013888888888888 0.020833333333333332 0.0787037037037037
2 0.30885416666666665 0.3773148148148148 0.010416666666666666 0.05092592592592592
2 0.43854166666666666 0.5277777777777778 0.011458333333333333 0.06481481481481481
2 0.4049479166666667 0.4476851851851852 0.013020833333333334 0.05277777777777778
2 0.6278645833333333 0.5550925925925926 0.0171875 0.06574074074074074
2 0.06067708333333333 0.48194444444444445 0.0140625 0.05648148148148148
2 0.6455729166666667 0.42777777777777776 0.011979166666666667 0.053703703703703705
2 0.85546875 0.6351851851851852 0.015104166666666667 0.06666666666666667
2 0.8278645833333333 0.5166666666666667 0.015104166666666667 0.06111111111111111
2 0.48802083333333335 0.6050925925925926 0.016666666666666666 0.06944444444444445
2 0.7768229166666667 0.6680555555555555 0.022395833333333334 0.0712962962962963
0 0.364046875 0.7062777777777778 0.006098958333333352 0.011842592592592559