2 0.7278645833333334 0.2796296296296296 0.0234375 0.05
3 0.7298177083333334 0.1979537037037037 0.016583333333333408 0.038574074074074094
2 0.4270833333333333 0.2 0.010416666666666666 0.04259259259259259
2 0.4705729166666667 0.23657407407407408 0.008854166666666666 0.03796296296296296
2 0.7361979166666667 0.2902777777777778 0.0171875 0.05462962962962963
2 0.38515625 0.2375 0.0140625 0.04537037037037037
2 0.5471354166666667 0.22037037037037038 0.009895833333333333 0.040740740740740744
2 0.4713541666666667 0.2708333333333333 0.015625 0.05092592592592592
2 0.6268229166666667 0.37777777777777777 0.0265625 0.05925925925925926
2 0.5955729166666667 0.29212962962962963 0.013020833333333334 0.05092592592592592
3 0.546875 0.4101851851851852 0.010416666666666666 0.06296296296296296
2 0.6229166666666667 0.25277777777777777 0.010416666666666666 0.04814814814814815
2 0.44192708333333336 0.2726851851851852 0.0109375 0.05277777777777778
2 0.78828125 0.39305555555555555 0.016145833333333335 0.06018518518518518
2 0.27447916666666666 0.2851851851851852 0.011458333333333333 0.053703703703703705
2 0.7046875 0.37592592592592594 0.013541666666666667 0.06111111111111111
2 0.70234375 0.2537037037037037 0.0203125 0.05
2 0.36380208333333336 0.33240740740740743 0.011979166666666667 0.05925925925925926
2 0.8177083333333334 0.5231481481481481 0.01875 0.07037037037037037
2 0.7692708333333333 0.4305555555555556 0.017708333333333333 0.06851851851851852
2 0.8294270833333334 0.6953703703703704 0.022395833333333334 0.09444444444444444
2 0.20729166666666668 0.524537037037037 0.019791666666666666 0.08055555555555556
0 0.38984375 0.25428703703703703 0.00579166666666661 0.012416666666666637