2 0.4161458333333333 0.23796296296296296 0.0125 0.04259259259259259
0 0.6903645833333333 0.3435185185185185 0.005729166666666666 0.011111111111111112
3 0.7622395833333333 0.2151574074074074 0.013020833333333334 0.04351851851851852
3 0.49453125 0.3037037037037037 0.013020833333333334 0.053703703703703705
2 0.36354166666666665 0.41203703703703703 0.0125 0.06111111111111111
2 0.39036458333333335 0.3162037037037037 0.0140625 0.05648148148148148
2 0.44192708333333336 0.3175925925925926 0.0109375 0.05555555555555555
2 0.6635416666666667 0.39537037037037037 0.013541666666666667 0.06111111111111111
2 0.38619791666666664 0.3912037037037037 0.0140625 0.049074074074074076
2 0.20052083333333334 0.3763888888888889 0.015625 0.06574074074074074
2 0.70859375 0.27870370370370373 0.011979166666666667 0.04814814814814815
2 0.4783854166666667 0.37962962962962965 0.009895833333333333 0.05925925925925926
2 0.29609375 0.275 0.011979166666666667 0.04814814814814815
2 0.34401041666666665 0.38472222222222224 0.013020833333333334 0.06018518518518518
2 0.23854166666666668 0.32546296296296295 0.0125 0.058333333333333334
2 0.8734375 0.39675925925925926 0.0125 0.06388888888888888
2 0.5653645833333333 0.4162037037037037 0.018229166666666668 0.06388888888888888
2 0.7875 0.5907407407407408 0.01875 0.08518518518518518
2 0.17291666666666666 0.4583333333333333 0.014583333333333334 0.07592592592592592
2 0.5856770833333333 0.375 0.0203125 0.06111111111111111
2 0.39609375 0.48657407407407405 0.0171875 0.0712962962962963
2 0.1171875 0.6347222222222222 0.021875 0.08055555555555556
2 0.42734375 0.7069444444444445 0.019270833333333334 0.08796296296296297