3 0.6693697916666667 0.31233333333333335 0.0060520833333332765 0.025333333333333347
2 0.5577708333333333 0.3564259259259259 0.011291666666666582 0.033222222222222215
3 0.50625 0.39351851851851855 0.008333333333333333 0.03333333333333333
2 0.37057291666666664 0.43287037037037035 0.008854166666666666 0.03611111111111111
1 0.08880208333333334 0.4221388888888889 0.011979166666666667 0.03888888888888889
2 0.36744791666666665 0.5236111111111111 0.008854166666666666 0.041666666666666664
2 0.34817708333333336 0.43703703703703706 0.009895833333333333 0.03888888888888889
2 0.3653645833333333 0.38657407407407407 0.009895833333333333 0.028703703703703703
2 0.48671875 0.4125 0.008854166666666666 0.03425925925925926
2 0.3346354166666667 0.4046296296296296 0.008854166666666666 0.03333333333333333
2 0.3885416666666667 0.4162037037037037 0.008333333333333333 0.03425925925925926
2 0.4625 0.3875 0.007291666666666667 0.032407407407407406
2 0.5020833333333333 0.45925925925925926 0.0125 0.03888888888888889
2 0.31328125 0.625462962962963 0.013020833333333334 0.05277777777777778
2 0.1546875 0.6537037037037037 0.0125 0.05
2 0.37864583333333335 0.4708333333333333 0.008333333333333333 0.03796296296296296
2 0.5635416666666667 0.6356481481481482 0.011458333333333333 0.05277777777777778
2 0.58515625 0.5430555555555555 0.013020833333333334 0.03981481481481482
2 0.28802083333333334 0.487962962962963 0.0125 0.044444444444444446
1 0.8463541666666666 0.4842592592592593 0.008333333333333333 0.040740740740740744
2 0.7455729166666667 0.43425925925925923 0.008854166666666666 0.03518518518518519
3 0.16666666666666666 0.676138888888889 0.014583333333333334 0.05555555555555555
2 0.2203125 0.5925925925925926 0.011458333333333333 0.03888888888888889
2 0.5627604166666667 0.5041666666666667 0.0109375 0.04537037037037037
2 0.3680520833333334 0.3667037037037037 0.009276041666666639 0.035555555555555535
0 0.65671875 0.6130740740740741 0.007104166666666601 0.012537037037037003