3 0.5844427083333333 0.2565740740740741 0.008197916666666553 0.02943518518518515
2 0.7700520833333333 0.4134259259259259 0.016145833333333335 0.058333333333333334
2 0.83140625 0.4786944444444445 0.016557291666666647 0.04099074074074072
2 0.5247395833333334 0.3773148148148148 0.011979166666666667 0.041666666666666664
1 0.8468020833333334 0.37939814814814815 0.015479166666666563 0.04132407407407407
2 0.6864583333333333 0.3712962962962963 0.016666666666666666 0.03888888888888889
2 0.5138020833333333 0.33101851851851855 0.0140625 0.03981481481481482
2 0.671875 0.41203703703703703 0.0125 0.046296296296296294
3 0.6682291666666667 0.46296296296296297 0.009375 0.05185185185185185
2 0.40338541666666666 0.3685185185185185 0.013020833333333334 0.053703703703703705
2 0.784375 0.44074074074074077 0.0125 0.04814814814814815
2 0.14088541666666668 0.47129629629629627 0.011979166666666667 0.05185185185185185
2 0.5270833333333333 0.48518518518518516 0.010416666666666666 0.05555555555555555
2 0.17057291666666666 0.4287037037037037 0.011979166666666667 0.05185185185185185
3 0.06302083333333333 0.8171296296296297 0.016666666666666666 0.08425925925925926
2 0.6059895833333333 0.42824074074074076 0.0140625 0.04351851851851852
2 0.4942708333333333 0.42685185185185187 0.016666666666666666 0.05
2 0.20963541666666666 0.48518518518518516 0.0109375 0.053703703703703705
2 0.38984375 0.575 0.0140625 0.05925925925925926
2 0.4153645833333333 0.46944444444444444 0.0171875 0.053703703703703705
2 0.25026041666666665 0.4722222222222222 0.015104166666666667 0.053703703703703705
2 0.19140625 0.5902777777777778 0.015104166666666667 0.06759259259259259
0 0.8208906250000001 0.49910185185185185 0.004994791666666743 0.00894444444444452
2 0.8314531249999999 0.46919444444444447 0.023562499999999886 0.04123148148148146