3 0.2950520833333333 0.274537037037037 0.008854166666666666 0.028703703703703703
0 0.46979166666666666 0.6703703703703704 0.00625 0.011111111111111112
2 0.43386458333333333 0.627824074074074 0.028244791666666675 0.05546296296296305
2 0.16223958333333333 0.6550925925925926 0.022395833333333334 0.0712962962962963
2 0.609375 0.38333333333333336 0.009375 0.04814814814814815
2 0.4901041666666667 0.3888888888888889 0.010416666666666666 0.04814814814814815
2 0.29921875 0.6185185185185185 0.013020833333333334 0.06851851851851852
2 0.3734375 0.6768518518518518 0.015625 0.06111111111111111
2 0.6528645833333333 0.3773148148148148 0.0140625 0.04722222222222222
2 0.24817708333333333 0.49212962962962964 0.0109375 0.05648148148148148
3 0.32677604166666663 0.4759259259259259 0.013020833333333334 0.05740740740740741
2 0.3580729166666667 0.6671296296296296 0.021354166666666667 0.075
2 0.31692708333333336 0.3763888888888889 0.015104166666666667 0.04722222222222222
3 0.96953125 0.7412037037037037 0.022395833333333334 0.0787037037037037
2 0.6427083333333333 0.538425925925926 0.016666666666666666 0.05648148148148148
2 0.20703125 0.6074074074074074 0.018229166666666668 0.07037037037037037
2 0.3182291666666667 0.6310185185185185 0.022916666666666665 0.06574074074074074
2 0.28802083333333334 0.6592592592592592 0.015625 0.06296296296296296
2 0.5361979166666667 0.48148148148148145 0.013020833333333334 0.053703703703703705
2 0.71875 0.4166666666666667 0.014583333333333334 0.053703703703703705
2 0.8848958333333333 0.600462962962963 0.014583333333333334 0.07314814814814814
2 0.3796875 0.5231481481481481 0.014583333333333334 0.06296296296296296
2 0.5416666666666666 0.625 0.016666666666666666 0.06296296296296296
2 0.4491145833333333 0.2913055555555556 0.009598958333333367 0.041435185185185186