3 0.33229166666666665 0.26342592592592595 0.008333333333333333 0.028703703703703703
2 0.5927083333333333 0.3773148148148148 0.009375 0.04351851851851852
3 0.9408854166666667 0.9458333333333333 0.0265625 0.08796296296296297
3 0.47369791666666666 0.40925925925925927 0.013020833333333334 0.044444444444444446
2 0.6776041666666667 0.6125 0.011458333333333333 0.05462962962962963
2 0.30364583333333334 0.37824074074074077 0.010416666666666666 0.041666666666666664
2 0.65078125 0.5199074074074074 0.0109375 0.05648148148148148
2 0.6325520833333333 0.4351851851851852 0.0109375 0.04814814814814815
2 0.25 0.5972222222222222 0.015625 0.06111111111111111
2 0.32578125 0.36157407407407405 0.011979166666666667 0.04351851851851852
2 0.43125 0.4935185185185185 0.016666666666666666 0.05
2 0.690625 0.6069444444444444 0.011458333333333333 0.06574074074074074
2 0.48046875 0.4634259259259259 0.0109375 0.05277777777777778
2 0.5380208333333333 0.5671296296296297 0.015625 0.062037037037037036
2 0.71171875 0.4615740740740741 0.0140625 0.05648148148148148
2 0.5111979166666667 0.5995370370370371 0.016145833333333335 0.06018518518518518
2 0.5223958333333333 0.637962962962963 0.01875 0.06296296296296296
2 0.2833333333333333 0.48333333333333334 0.016666666666666666 0.05
2 0.46458333333333335 0.5486111111111112 0.017708333333333333 0.058333333333333334
2 0.7591145833333334 0.587037037037037 0.019270833333333334 0.06666666666666667
2 0.20651041666666667 0.5486111111111112 0.024479166666666666 0.04722222222222222
2 0.5828125 0.5421296296296296 0.019791666666666666 0.05277777777777778
2 0.3346354166666667 0.6129629629629629 0.019270833333333334 0.06296296296296296
0 0.3066979166666667 0.39563888888888893 0.004515625000000038 0.009009259259259276