2 0.5775208333333333 0.18401851851851853 0.015041666666666724 0.03656481481481482
2 0.5446927083333333 0.28847222222222224 0.012307291666666723 0.04187962962962965
2 0.31640625 0.23169444444444445 0.011979166666666667 0.046296296296296294
2 0.46927083333333336 0.2898148148148148 0.019791666666666666 0.046296296296296294
2 0.3768229166666667 0.35833333333333334 0.0140625 0.05555555555555555
2 0.7557291666666667 0.23564814814814813 0.020833333333333332 0.03981481481481482
2 0.8140625 0.41435185185185186 0.019791666666666666 0.06944444444444445
2 0.7755208333333333 0.2652777777777778 0.010416666666666666 0.05277777777777778
2 0.7104166666666667 0.21898148148148147 0.009375 0.04537037037037037
2 0.7997395833333333 0.42962962962962964 0.021354166666666667 0.06111111111111111
2 0.2755208333333333 0.3439814814814815 0.011458333333333333 0.05648148148148148
2 0.4354166666666667 0.2513888888888889 0.011458333333333333 0.04722222222222222
2 0.41510416666666666 0.6199074074074075 0.023958333333333335 0.075
3 0.9350729166666666 0.8746296296296296 0.04339583333333342 0.10111111111111115
2 0.5658854166666667 0.2824074074074074 0.015104166666666667 0.046296296296296294
2 0.39765625 0.32222222222222224 0.0109375 0.053703703703703705
2 0.44557291666666665 0.3712962962962963 0.013020833333333334 0.053703703703703705
3 0.48828125 0.36342592592592593 0.016145833333333335 0.058333333333333334
2 0.47213541666666664 0.44351851851851853 0.0171875 0.06111111111111111
2 0.35598958333333336 0.3976851851851852 0.015104166666666667 0.06018518518518518
2 0.6033854166666667 0.5532407407407407 0.0296875 0.06944444444444445
2 0.5478906250000001 0.2633518518518519 0.01068229166666678 0.04282407407407408
0 0.5620989583333333 0.28437962962962965 0.005114583333333419 0.008324074074074083
3 0.3960677083333334 0.1370925925925926 0.009880208333333347 0.031638888888888904