3 0.3109375 0.3149166666666667 0.007291666666666667 0.025925925925925925
0 0.93125 0.7611111111111111 0.010416666666666666 0.014814814814814815
2 0.5578125 0.36666666666666664 0.007291666666666667 0.03333333333333333
2 0.39869791666666665 0.4050925925925926 0.008854166666666666 0.03611111111111111
2 0.5127604166666667 0.36712962962962964 0.0067708333333333336 0.030555555555555555
2 0.8927083333333333 0.7814814814814814 0.020833333333333332 0.04814814814814815
2 0.48802083333333335 0.48333333333333334 0.0125 0.044444444444444446
2 0.5244791666666667 0.4759259259259259 0.0125 0.04259259259259259
2 0.184375 0.6675925925925926 0.017708333333333333 0.05555555555555555
2 0.725 0.4583333333333333 0.016666666666666666 0.04259259259259259
2 0.421875 0.8055555555555556 0.013541666666666667 0.06296296296296296
3 0.51328125 0.5238611111111111 0.013020833333333334 0.046722222222222255
2 0.4171875 0.3597222222222222 0.007291666666666667 0.03611111111111111
2 0.30182291666666666 0.412962962962963 0.0109375 0.037037037037037035
3 0.9250677083333334 0.8250462962962962 0.032156249999999886 0.07416666666666659
2 0.7078125 0.525 0.014583333333333334 0.044444444444444446
2 0.665625 0.42314814814814816 0.013541666666666667 0.04259259259259259
2 0.27057291666666666 0.49074074074074076 0.0140625 0.046296296296296294
2 0.2596354166666667 0.7407407407407407 0.013020833333333334 0.06111111111111111
2 0.30755208333333334 0.6087962962962963 0.016145833333333335 0.05277777777777778
2 0.8708333333333333 0.7736111111111111 0.023958333333333335 0.075
2 0.17838541666666666 0.625 0.015104166666666667 0.05925925925925926
2 0.8078125 0.587037037037037 0.013541666666666667 0.05185185185185185
2 0.4401041666666667 0.6134259259259259 0.020833333333333332 0.05462962962962963