2 0.4224791666666667 0.18401851851851853 0.015041666666666724 0.03656481481481482
2 0.45530729166666667 0.28847222222222224 0.012307291666666723 0.04187962962962965
2 0.68359375 0.23169444444444445 0.011979166666666667 0.046296296296296294
2 0.5307291666666667 0.2898148148148148 0.019791666666666666 0.046296296296296294
2 0.6231770833333333 0.35833333333333334 0.0140625 0.05555555555555555
2 0.24427083333333333 0.23564814814814813 0.020833333333333332 0.03981481481481482
2 0.1859375 0.41435185185185186 0.019791666666666666 0.06944444444444445
2 0.22447916666666667 0.2652777777777778 0.010416666666666666 0.05277777777777778
2 0.28958333333333336 0.21898148148148147 0.009375 0.04537037037037037
2 0.20026041666666666 0.42962962962962964 0.021354166666666667 0.06111111111111111
2 0.7244791666666667 0.3439814814814815 0.011458333333333333 0.05648148148148148
2 0.5645833333333333 0.2513888888888889 0.011458333333333333 0.04722222222222222
2 0.5848958333333333 0.6199074074074075 0.023958333333333335 0.075
3 0.06492708333333337 0.8746296296296296 0.04339583333333333 0.10111111111111115
2 0.43411458333333336 0.2824074074074074 0.015104166666666667 0.046296296296296294
2 0.60234375 0.32222222222222224 0.0109375 0.053703703703703705
2 0.5544270833333333 0.3712962962962963 0.013020833333333334 0.053703703703703705
3 0.51171875 0.36342592592592593 0.016145833333333335 0.058333333333333334
2 0.5278645833333333 0.44351851851851853 0.0171875 0.06111111111111111
2 0.6440104166666667 0.3976851851851852 0.015104166666666667 0.06018518518518518
2 0.3966145833333333 0.5532407407407407 0.0296875 0.06944444444444445
2 0.452109375 0.2633518518518519 0.010682291666666661 0.04282407407407408
0 0.43790104166666666 0.28437962962962965 0.0051145833333333 0.008324074074074083
3 0.6039322916666666 0.1370925925925926 0.009880208333333229 0.031638888888888904