0 0.8747395833333333 0.6606481481481481 0.0067708333333333336 0.013888888888888888
1 0.8934895833333333 0.42962962962962964 0.0109375 0.044444444444444446
3 0.13151041666666666 0.3662037037037037 0.0067708333333333336 0.030555555555555555
2 0.31536458333333334 0.3699074074074074 0.005729166666666666 0.030555555555555555
2 0.24375 0.38055555555555554 0.013541666666666667 0.03518518518518519
2 0.6911458333333333 0.42777777777777776 0.009375 0.044444444444444446
2 0.5197916666666667 0.37824074074074077 0.007291666666666667 0.032407407407407406
2 0.49947916666666664 0.41064814814814815 0.008333333333333333 0.041666666666666664
2 0.5768229166666666 0.4726851851851852 0.0109375 0.04537037037037037
2 0.7838541666666666 0.575925925925926 0.011458333333333333 0.06851851851851852
2 0.1359375 0.4842592592592593 0.015625 0.05185185185185185
2 0.34765625 0.4300925925925926 0.009895833333333333 0.04537037037037037
2 0.6299479166666667 0.4564814814814815 0.009895833333333333 0.04814814814814815
2 0.3880208333333333 0.44814814814814813 0.010416666666666666 0.046296296296296294
2 0.1609375 0.45185185185185184 0.009375 0.046296296296296294
2 0.9010625 0.5631111111111111 0.023916666666666704 0.06511111111111105
2 0.4395833333333333 0.5337962962962963 0.013541666666666667 0.058333333333333334
3 0.43854166666666666 0.48518518518518516 0.011458333333333333 0.053703703703703705
2 0.6614583333333334 0.6912037037037037 0.0125 0.0712962962962963
2 0.46015625 0.6555555555555556 0.013020833333333334 0.07037037037037037
2 0.36223958333333334 0.5268518518518519 0.0140625 0.05740740740740741
2 0.09791666666666667 0.5212962962962963 0.0125 0.06111111111111111
2 0.2484375 0.6398148148148148 0.017708333333333333 0.07777777777777778
2 0.8645833333333334 0.725925925925926 0.019791666666666666 0.08518518518518518