2 0.75428125 0.3116851851851852 0.010640624999999914 0.05439814814814815
3 0.40651041666666665 0.26296296296296295 0.008854166666666666 0.044444444444444446
2 0.415625 0.3101851851851852 0.009375 0.05
2 0.6981770833333333 0.3143518518518518 0.011979166666666667 0.05277777777777778
2 0.51796875 0.30092592592592593 0.0140625 0.04814814814814815
2 0.8690104166666667 0.4449074074074074 0.0171875 0.0787037037037037
2 0.19088541666666667 0.34074074074074073 0.011979166666666667 0.05555555555555555
2 0.3893229166666667 0.3194444444444444 0.013020833333333334 0.05925925925925926
2 0.57265625 0.3143518518518518 0.024479166666666666 0.04722222222222222
2 0.8096354166666667 0.36157407407407405 0.0140625 0.062037037037037036
2 0.5239583333333333 0.34120370370370373 0.011458333333333333 0.06018518518518518
2 0.24088541666666666 0.4305555555555556 0.016145833333333335 0.07777777777777778
2 0.4981770833333333 0.33101851851851855 0.018229166666666668 0.04722222222222222
2 0.7690104166666667 0.3638888888888889 0.013020833333333334 0.06666666666666667
2 0.29791666666666666 0.3578703703703704 0.0125 0.06759259259259259
3 0.48515625 0.3902777777777778 0.011979166666666667 0.06759259259259259
2 0.5052083333333334 0.38333333333333336 0.014583333333333334 0.06481481481481481
2 0.6380208333333334 0.37916666666666665 0.014583333333333334 0.06574074074074074
2 0.7190104166666667 0.5847222222222223 0.018229166666666668 0.09722222222222222
2 0.44765625 0.6708333333333333 0.0203125 0.10648148148148148
2 0.3294270833333333 0.41712962962962963 0.013020833333333334 0.07314814814814814
2 0.7466145833333333 0.49074074074074076 0.0203125 0.09074074074074075
0 0.5571666666666667 0.18233333333333332 0.004479166666666619 0.009638888888888912