2 0.13671875 0.45092592592592595 0.0109375 0.03888888888888889
1 0.13619791666666667 0.3375 0.013020833333333334 0.03611111111111111
2 0.3533854166666667 0.29953703703703705 0.0078125 0.030555555555555555
2 0.33177083333333335 0.40185185185185185 0.011458333333333333 0.044444444444444446
2 0.29791666666666666 0.3347222222222222 0.010416666666666666 0.03796296296296296
2 0.17077604166666666 0.4606388888888889 0.01469791666666668 0.04720370370370372
2 0.27317708333333335 0.45555555555555555 0.018229166666666668 0.046296296296296294
2 0.6674479166666667 0.3143518518518518 0.008854166666666666 0.03611111111111111
2 0.8091145833333333 0.3421296296296296 0.008854166666666666 0.041666666666666664
2 0.37604166666666666 0.38935185185185184 0.010416666666666666 0.04351851851851852
2 0.66484375 0.3972222222222222 0.008854166666666666 0.037037037037037035
2 0.5635416666666667 0.49027777777777776 0.014583333333333334 0.041666666666666664
2 0.7744791666666667 0.41574074074074074 0.010416666666666666 0.046296296296296294
2 0.34270833333333334 0.4449074074074074 0.009375 0.04537037037037037
2 0.25390625 0.5074074074074074 0.015104166666666667 0.05
3 0.3917083333333334 0.44583333333333336 0.011458333333333333 0.04722222222222222
2 0.79453125 0.5356481481481481 0.0140625 0.05092592592592592
2 0.8208333333333333 0.3578703703703704 0.011458333333333333 0.041666666666666664
2 0.2559895833333333 0.4476851851851852 0.0171875 0.04722222222222222
2 0.8010416666666667 0.45925925925925926 0.015625 0.05555555555555555
2 0.5169270833333334 0.5370370370370371 0.013020833333333334 0.05925925925925926
3 0.9125 0.8592592592592593 0.030208333333333334 0.08333333333333333
2 0.6273541666666667 0.28648148148148145 0.0112552083333334 0.030120370370370346
3 0.412921875 0.21316666666666667 0.009541666666666634 0.029833333333333305
0 0.3349010416666667 0.515925925925926 0.007286458333333338 0.013712962962962913