2 0.5713541666666667 0.3296296296296296 0.009375 0.02962962962962963
2 0.32408333333333333 0.37717592592592597 0.011208333333333324 0.04324074074074078
2 0.17271875 0.49119444444444443 0.016020833333333328 0.05089814814814817
2 0.6630208333333333 0.3402777777777778 0.010416666666666666 0.03611111111111111
2 0.4861979166666667 0.40046296296296297 0.019270833333333334 0.03611111111111111
1 0.025 0.3990740740740741 0.011458333333333333 0.04259259259259259
2 0.41251041666666666 0.3143888888888889 0.00830729166666669 0.03617592592592597
2 0.59609375 0.4222222222222222 0.009895833333333333 0.046296296296296294
2 0.26197916666666665 0.638425925925926 0.011458333333333333 0.05462962962962963
2 0.461859375 0.4294907407407408 0.010656250000000018 0.03917592592592588
2 0.44427083333333334 0.5375 0.011458333333333333 0.05277777777777778
2 0.20572916666666666 0.5013888888888889 0.009375 0.05092592592592592
2 0.31354166666666666 0.3875 0.0125 0.03611111111111111
2 0.7207552083333333 0.4201388888888889 0.008484374999999982 0.043046296296296305
3 0.48385416666666664 0.44583333333333336 0.010416666666666666 0.049074074074074076
2 0.6848958333333334 0.6444444444444445 0.01875 0.06666666666666667
2 0.32109375 0.6125 0.013020833333333334 0.05462962962962963
2 0.6802083333333333 0.4666666666666667 0.0125 0.046296296296296294
2 0.51015625 0.49675925925925923 0.0171875 0.05092592592592592
2 0.70625 0.5717592592592593 0.017708333333333333 0.06018518518518518
3 0.9015625 0.7907407407407407 0.022916666666666665 0.07222222222222222
3 0.31645833333333334 0.26441666666666663 0.008421875000000039 0.02837037037037036
0 0.4799166666666667 0.3897037037037037 0.004041666666666662 0.007037037037037058
2 0.4585989583333333 0.4168425925925926 0.00888020833333331 0.03578703703703701
2 0.7192708333333333 0.40671296296296294 0.00873437499999999 0.041277777777777816
1 0.9969479166666667 0.40268518518518515 0.0061041666666665625 0.04178703703703703