2 0.6690104166666667 0.30787037037037035 0.008854166666666666 0.03611111111111111
3 0.065625 0.2273148148148148 0.011458333333333333 0.03981481481481482
2 0.53046875 0.2625 0.0078125 0.032407407407407406
0 0.5791666666666667 0.30648148148148147 0.007291666666666667 0.011111111111111112
2 0.44036458333333334 0.2212962962962963 0.0109375 0.03333333333333333
2 0.4984375 0.2824074074074074 0.011458333333333333 0.044444444444444446
2 0.371875 0.30972222222222223 0.010416666666666666 0.049074074074074076
2 0.5221354166666666 0.3972222222222222 0.016145833333333335 0.05
2 0.2596354166666667 0.24722222222222223 0.008854166666666666 0.044444444444444446
1 0.87734375 0.2884259259259259 0.011979166666666667 0.05092592592592592
2 0.22109375 0.2439814814814815 0.008854166666666666 0.041666666666666664
3 0.4817708333333333 0.31296296296296294 0.011458333333333333 0.04814814814814815
2 0.22552083333333334 0.29907407407407405 0.009375 0.04814814814814815
2 0.46328125 0.23055555555555557 0.016145833333333335 0.03888888888888889
2 0.540625 0.30462962962962964 0.014583333333333334 0.04814814814814815
2 0.14973958333333334 0.32546296296296295 0.0109375 0.04722222222222222
2 0.06041666666666667 0.28888888888888886 0.011458333333333333 0.04814814814814815
2 0.42239583333333336 0.3449074074074074 0.017708333333333333 0.049074074074074076
2 0.675 0.3388888888888889 0.0125 0.05740740740740741
2 0.23203125 0.36666666666666664 0.013020833333333334 0.05740740740740741
2 0.725 0.3537037037037037 0.013541666666666667 0.05555555555555555
2 0.2986979166666667 0.3300925925925926 0.019270833333333334 0.04537037037037037
2 0.08333333333333333 0.48194444444444445 0.021875 0.06574074074074074
2 0.8020833333333334 0.65 0.030208333333333334 0.07407407407407407