2 0.6 0.30648148148148147 0.010416666666666666 0.03888888888888889
1 0.8513020833333333 0.32592592592592595 0.009895833333333333 0.03888888888888889
2 0.5920677083333333 0.5110555555555556 0.018932291666666618 0.05787962962962962
2 0.196875 0.34120370370370373 0.009375 0.03611111111111111
2 0.7625 0.44305555555555554 0.008333333333333333 0.049074074074074076
2 0.3143229166666667 0.29953703703703705 0.0078125 0.032407407407407406
2 0.18776041666666668 0.3523148148148148 0.0078125 0.041666666666666664
2 0.29791666666666666 0.40694444444444444 0.014583333333333334 0.04351851851851852
2 0.6669270833333333 0.3194444444444444 0.0078125 0.03888888888888889
2 0.22239583333333332 0.5953703703703703 0.013541666666666667 0.06111111111111111
3 0.5046875 0.45 0.017708333333333333 0.04259259259259259
2 0.3494791666666667 0.4550925925925926 0.010416666666666666 0.05462962962962963
2 0.35 0.3162037037037037 0.009375 0.03796296296296296
2 0.5591145833333333 0.5106481481481482 0.0109375 0.049074074074074076
2 0.6028645833333334 0.38472222222222224 0.008854166666666666 0.04537037037037037
2 0.71171875 0.4074074074074074 0.009895833333333333 0.04814814814814815
2 0.6549479166666666 0.611574074074074 0.0140625 0.06388888888888888
2 0.5158854166666667 0.4912037037037037 0.015104166666666667 0.049074074074074076
2 0.1828125 0.46574074074074073 0.014583333333333334 0.053703703703703705
2 0.6989583333333333 0.5972222222222222 0.030208333333333334 0.053703703703703705
2 0.77734375 0.47453703703703703 0.011979166666666667 0.05648148148148148
3 0.07284374999999994 0.8495370370370371 0.028125 0.08796296296296297
3 0.5728281249999999 0.20557407407407408 0.008583333333333342 0.03138888888888887
2 0.5959375 0.4992777777777778 0.021791666666666744 0.04961111111111104
0 0.5640625 0.5432870370370371 0.004593750000000086 0.01033333333333341