2 0.6419270833333334 0.3597222222222222 0.008854166666666666 0.03796296296296296
2 0.47291666666666665 0.2569444444444444 0.008333333333333333 0.028703703703703703
2 0.5942708333333333 0.262037037037037 0.005208333333333333 0.025925925925925925
2 0.5783854166666667 0.24768518518518517 0.0067708333333333336 0.026851851851851852
2 0.6395572916666666 0.33947222222222223 0.009432291666666733 0.0419074074074074
2 0.5049583333333333 0.2771666666666666 0.007859374999999957 0.028287037037036996
2 0.3065104166666667 0.2611111111111111 0.008854166666666666 0.02962962962962963
2 0.37994791666666666 0.2898148148148148 0.0067708333333333336 0.03333333333333333
2 0.4515625 0.45231481481481484 0.009375 0.04351851851851852
2 0.2903645833333333 0.3509259259259259 0.009895833333333333 0.040740740740740744
2 0.4549479166666667 0.3476851851851852 0.009895833333333333 0.03611111111111111
1 0.096875 0.3300925925925926 0.008333333333333333 0.03611111111111111
2 0.09817708333333333 0.42453703703703705 0.011979166666666667 0.04351851851851852
1 0.91640625 0.36342592592592593 0.013020833333333334 0.03981481481481482
2 0.6489583333333333 0.44814814814814813 0.009375 0.044444444444444446
2 0.3690104166666667 0.3300925925925926 0.013020833333333334 0.03796296296296296
3 0.5341510416666667 0.34450925925925924 0.008854166666666666 0.03888888888888889
2 0.5713541666666667 0.4115740740740741 0.009375 0.04537037037037037
2 0.67421875 0.6282407407407408 0.019270833333333334 0.058333333333333334
2 0.23333333333333334 0.5902777777777778 0.014583333333333334 0.062037037037037036
0 0.317171875 0.27291666666666664 0.004281250000000014 0.00770370370370375
3 0.6116197916666667 0.22775925925925924 0.006692708333333286 0.027601851851851853
2 0.49961979166666665 0.29566666666666663 0.01072395833333329 0.031444444444444476
2 0.6414375 0.3178796296296296 0.008484374999999982 0.030611111111111165
2 0.39289062499999994 0.22949074074074077 0.0058385416666666854 0.02476851851851852