1 0.11901041666666666 0.36944444444444446 0.009895833333333333 0.03888888888888889
2 0.46034895833333334 0.7076111111111112 0.024088541666666668 0.06893518518518522
2 0.6708333333333333 0.33101851851851855 0.007291666666666667 0.03425925925925926
2 0.5124895833333334 0.5451111111111111 0.018734375000000015 0.04762962962962968
2 0.41953125 0.4263888888888889 0.013020833333333334 0.041666666666666664
2 0.42734375 0.48055555555555557 0.013020833333333334 0.046296296296296294
2 0.3690104166666667 0.3425925925925926 0.0109375 0.03518518518518519
2 0.5083333333333333 0.29953703703703705 0.00625 0.030555555555555555
2 0.19270833333333334 0.4976851851851852 0.009375 0.04722222222222222
2 0.18463541666666666 0.5976851851851852 0.019270833333333334 0.049074074074074076
2 0.6622395833333333 0.45416666666666666 0.011979166666666667 0.049074074074074076
3 0.5416197916666667 0.4366481481481481 0.008333333333333333 0.041666666666666664
2 0.734375 0.3527777777777778 0.009375 0.037037037037037035
2 0.5947916666666667 0.3962962962962963 0.010416666666666666 0.040740740740740744
2 0.35703125 0.3773148148148148 0.0078125 0.03796296296296296
2 0.7229166666666667 0.41712962962962963 0.014583333333333334 0.041666666666666664
2 0.6736979166666667 0.4685185185185185 0.013020833333333334 0.037037037037037035
2 0.596875 0.4930555555555556 0.015625 0.03425925925925926
2 0.26614583333333336 0.6129629629629629 0.017708333333333333 0.05555555555555555
2 0.7731770833333333 0.4439814814814815 0.018229166666666668 0.041666666666666664
2 0.5213541666666667 0.6236111111111111 0.025 0.058333333333333334
3 0.8666666666666667 0.8407407407407408 0.026041666666666668 0.08148148148148149
2 0.112578125 0.4694537037037037 0.013484374999999993 0.04696296296296299
3 0.35542708333333334 0.2525833333333333 0.007625000000000052 0.02862962962962959