2 0.43723958333333335 0.42962962962962964 0.009895833333333333 0.04259259259259259
2 0.44140625 0.32314814814814813 0.011979166666666667 0.040740740740740744
2 0.36041666666666666 0.3560185185185185 0.010416666666666666 0.04537037037037037
2 0.46796875 0.29305555555555557 0.009895833333333333 0.03796296296296296
1 0.12760416666666666 0.32592592592592595 0.011458333333333333 0.044444444444444446
2 0.4630208333333333 0.40046296296296297 0.015625 0.05648148148148148
2 0.3533854166666667 0.43333333333333335 0.016145833333333335 0.05185185185185185
2 0.3515625 0.3814814814814815 0.0125 0.05740740740740741
3 0.5247395833333334 0.39537037037037037 0.013020833333333334 0.046296296296296294
2 0.7395833333333334 0.3263888888888889 0.0125 0.04537037037037037
2 0.5619791666666667 0.3712962962962963 0.011458333333333333 0.05185185185185185
2 0.43411458333333336 0.4689814814814815 0.0140625 0.05462962962962963
2 0.5958333333333333 0.3736111111111111 0.017708333333333333 0.049074074074074076
2 0.3416666666666667 0.44305555555555554 0.010416666666666666 0.06018518518518518
2 0.31927083333333334 0.4 0.016666666666666666 0.05555555555555555
2 0.528125 0.45740740740740743 0.015625 0.05555555555555555
2 0.43776041666666665 0.5254629629629629 0.016145833333333335 0.06388888888888888
2 0.5419270833333333 0.5009259259259259 0.013020833333333334 0.05555555555555555
3 0.11979166666666667 0.6189814814814815 0.020833333333333332 0.08055555555555556
2 0.7598958333333333 0.3972222222222222 0.015625 0.053703703703703705
2 0.63359375 0.5407407407407407 0.0171875 0.07037037037037037
2 0.67421875 0.5263888888888889 0.0265625 0.06574074074074074
2 0.8268229166666666 0.5111111111111111 0.022395833333333334 0.06666666666666667
3 0.7443020833333333 0.25725925925925924 0.009552083333333409 0.030120370370370346
0 0.64953125 0.5574907407407408 0.007697916666666771 0.014564814814814833