2 0.7377604166666667 0.3037037037037037 0.008854166666666666 0.03888888888888889
2 0.44453125 0.3055555555555556 0.009895833333333333 0.03888888888888889
3 0.10689583333333334 0.6131203703703704 0.02213020833333334 0.07975925925925935
2 0.47578125 0.2847222222222222 0.008854166666666666 0.03796296296296296
2 0.3768229166666667 0.3435185185185185 0.009895833333333333 0.04814814814814815
2 0.6028645833333334 0.3476851851851852 0.009895833333333333 0.041666666666666664
2 0.14765625 0.32916666666666666 0.011979166666666667 0.04722222222222222
3 0.5106770833333333 0.38425925925925924 0.009895833333333333 0.05
2 0.5708333333333333 0.34629629629629627 0.010416666666666666 0.046296296296296294
2 0.6869791666666667 0.4736111111111111 0.011458333333333333 0.06574074074074074
2 0.44088541666666664 0.38287037037037036 0.016145833333333335 0.05277777777777778
2 0.5205729166666667 0.49907407407407406 0.013020833333333334 0.06666666666666667
2 0.38307291666666665 0.37592592592592594 0.011979166666666667 0.053703703703703705
2 0.25546875 0.5194444444444445 0.016145833333333335 0.07037037037037037
2 0.37135416666666665 0.5 0.020833333333333332 0.053703703703703705
2 0.5861979166666667 0.5435185185185185 0.025520833333333333 0.06666666666666667
2 0.8197916666666667 0.38287037037037036 0.011458333333333333 0.05277777777777778
2 0.27369791666666665 0.5273148148148148 0.013020833333333334 0.075
2 0.40703125 0.5092592592592593 0.011979166666666667 0.06851851851851852
2 0.5611979166666666 0.5319444444444444 0.011979166666666667 0.06574074074074074
2 0.31197916666666664 0.4074074074074074 0.014583333333333334 0.05555555555555555
2 0.44192708333333336 0.5388888888888889 0.0203125 0.07037037037037037
2 0.8494791666666667 0.5268518518518519 0.023958333333333335 0.07407407407407407
0 0.36124999999999996 0.28025925925925926 0.007583333333333305 0.012361111111111132
3 0.7861927083333333 0.25878703703703704 0.007708333333333428 0.03292592592592587