2 0.5557916666666666 0.2851851851851852 0.012375000000000113 0.030851851851851898
2 0.546875 0.3 0.009375 0.03333333333333333
2 0.70390625 0.3106481481481482 0.008854166666666666 0.03796296296296296
1 0.9580729166666667 0.3449074074074074 0.0109375 0.03611111111111111
2 0.7317708333333334 0.36898148148148147 0.011458333333333333 0.03981481481481482
2 0.69765625 0.350462962962963 0.0109375 0.04351851851851852
2 0.7208333333333333 0.32592592592592595 0.009375 0.04259259259259259
3 0.58984375 0.3292407407407407 0.0078125 0.041666666666666664
2 0.6067708333333334 0.34444444444444444 0.0125 0.044444444444444446
2 0.46484375 0.3592592592592593 0.008854166666666666 0.046296296296296294
2 0.43072916666666666 0.31342592592592594 0.013541666666666667 0.03611111111111111
2 0.32786458333333335 0.3662037037037037 0.009895833333333333 0.05092592592592592
2 0.8072916666666666 0.3875 0.009375 0.04722222222222222
2 0.7643229166666666 0.3509259259259259 0.008854166666666666 0.04814814814814815
2 0.6263020833333334 0.37546296296296294 0.009895833333333333 0.049074074074074076
2 0.2786458333333333 0.40185185185185185 0.013541666666666667 0.05740740740740741
2 0.3653645833333333 0.4375 0.011979166666666667 0.05648148148148148
2 0.30130208333333336 0.4476851851851852 0.0109375 0.05648148148148148
2 0.7890625 0.4564814814814815 0.013541666666666667 0.05740740740740741
2 0.5640625 0.4125 0.0125 0.05277777777777778
2 0.6432291666666666 0.5055555555555555 0.017708333333333333 0.06111111111111111
2 0.36484375 0.7569444444444444 0.022395833333333334 0.10092592592592593
2 0.33567708333333335 0.7652777777777777 0.021354166666666667 0.10277777777777777
3 0.30014583333333333 0.2784537037037037 0.009322916666666714 0.04064814814814813
2 0.6958229166666666 0.32216666666666666 0.010885416666666713 0.03798148148148146