2 0.31979166666666664 0.3375 0.011458333333333333 0.03981481481481482
2 0.5778645833333333 0.2949074074074074 0.009895833333333333 0.03796296296296296
2 0.34791666666666665 0.38981481481481484 0.014583333333333334 0.05185185185185185
2 0.3455729166666667 0.30972222222222223 0.0109375 0.03611111111111111
2 0.3065104166666667 0.36666666666666664 0.0171875 0.05185185185185185
0 0.7395833333333334 0.5800925925925926 0.007291666666666667 0.012037037037037037
2 0.18463541666666666 0.4125 0.015104166666666667 0.058333333333333334
2 0.5197916666666667 0.32222222222222224 0.013541666666666667 0.044444444444444446
2 0.46875 0.3384259259259259 0.007291666666666667 0.04722222222222222
3 0.4239583333333333 0.38981481481481484 0.009375 0.05185185185185185
2 0.19322916666666667 0.4412037037037037 0.011458333333333333 0.05648148148148148
2 0.15677083333333333 0.4986111111111111 0.021875 0.058333333333333334
2 0.33932291666666664 0.4722222222222222 0.011979166666666667 0.05925925925925926
2 0.3890625 0.25925925925925924 0.007291666666666667 0.03518518518518519
2 0.68046875 0.34629629629629627 0.0109375 0.05
2 0.4817708333333333 0.4759259259259259 0.014583333333333334 0.06851851851851852
2 0.5333333333333333 0.48842592592592593 0.016666666666666666 0.062037037037037036
1 0.026822916666666665 0.3421296296296296 0.019270833333333334 0.049074074074074076
2 0.8307291666666666 0.5208333333333334 0.01875 0.06759259259259259
2 0.46015625 0.5537037037037037 0.0140625 0.07962962962962963
2 0.22239583333333332 0.46574074074074073 0.009375 0.06296296296296296
2 0.5705729166666667 0.6259259259259259 0.019270833333333334 0.08333333333333333
3 0.6961458333333332 0.2538333333333333 0.008906249999999952 0.03618518518518522