3 0.30643750000000003 0.26475925925925925 0.01079166666666668 0.03714814814814815
0 0.3611979166666667 0.6060185185185185 0.005729166666666666 0.012037037037037037
2 0.38333333333333336 0.29953703703703705 0.009375 0.03981481481481482
2 0.6700520833333333 0.32685185185185184 0.009895833333333333 0.04814814814814815
2 0.459375 0.33287037037037037 0.010416666666666666 0.04722222222222222
2 0.640625 0.3023148148148148 0.0125 0.04351851851851852
3 0.9911458333333333 0.8115740740740741 0.017708333333333333 0.09351851851851851
2 0.49635416666666665 0.3384259259259259 0.0125 0.05092592592592592
3 0.571875 0.40555555555555556 0.010416666666666666 0.05555555555555555
2 0.84296875 0.687962962962963 0.015104166666666667 0.0962962962962963
2 0.69765625 0.36666666666666664 0.0140625 0.05
2 0.68515625 0.3787037037037037 0.0140625 0.05740740740740741
2 0.7385416666666667 0.3976851851851852 0.015625 0.062037037037037036
2 0.6286458333333333 0.5101851851851852 0.014583333333333334 0.05925925925925926
2 0.6106770833333334 0.45231481481481484 0.016145833333333335 0.06574074074074074
2 0.25078125 0.3472222222222222 0.013020833333333334 0.053703703703703705
2 0.553125 0.4101851851851852 0.016666666666666666 0.06481481481481481
2 0.7861979166666667 0.4888888888888889 0.015104166666666667 0.07222222222222222
2 0.48515625 0.6282407407407408 0.0171875 0.08981481481481482
2 0.08854166666666667 0.5550925925925926 0.019791666666666666 0.0787037037037037
2 0.7966145833333333 0.7787037037037037 0.027604166666666666 0.10740740740740741
2 0.35182291666666665 0.6842592592592592 0.022395833333333334 0.08888888888888889
2 0.33515625 0.47685185185185186 0.016145833333333335 0.07037037037037037
2 0.29401041666666666 0.4388888888888889 0.013020833333333334 0.06111111111111111