2 0.5018229166666667 0.3060185185185185 0.0140625 0.04537037037037037
2 0.8018229166666667 0.42916666666666664 0.015104166666666667 0.06018518518518518
3 0.7484270833333333 0.22456481481481483 0.012484374999999897 0.04345370370370371
2 0.8015625 0.3773148148148148 0.014583333333333334 0.049074074074074076
2 0.49140625 0.3263888888888889 0.013020833333333334 0.04722222222222222
0 0.378125 0.42453703703703705 0.00625 0.012037037037037037
2 0.6479166666666667 0.25324074074074077 0.013541666666666667 0.03796296296296296
2 0.34921875 0.2490740740740741 0.008854166666666666 0.046296296296296294
2 0.5458333333333333 0.23657407407407408 0.014583333333333334 0.03981481481481482
2 0.4705729166666667 0.29074074074074074 0.0109375 0.05185185185185185
2 0.3768229166666667 0.2523148148148148 0.009895833333333333 0.04537037037037037
3 0.5471354166666667 0.3388888888888889 0.0140625 0.053703703703703705
2 0.7575520833333333 0.2962962962962963 0.0140625 0.05185185185185185
2 0.653125 0.30416666666666664 0.0125 0.05462962962962963
2 0.6380208333333334 0.33564814814814814 0.013541666666666667 0.04722222222222222
2 0.3377604166666667 0.26990740740740743 0.011979166666666667 0.049074074074074076
2 0.271875 0.3189814814814815 0.013541666666666667 0.06018518518518518
2 0.69140625 0.31805555555555554 0.015104166666666667 0.05462962962962963
2 0.40338541666666666 0.33287037037037037 0.0140625 0.05277777777777778
2 0.5828125 0.3435185185185185 0.017708333333333333 0.05555555555555555
2 0.30026041666666664 0.4393518518518518 0.022395833333333334 0.06944444444444445
2 0.7768229166666667 0.525 0.019270833333333334 0.07222222222222222
2 0.5607708333333332 0.29786111111111113 0.014765624999999952 0.052472222222222184