2 0.26223958333333336 0.3037037037037037 0.008854166666666666 0.03888888888888889
2 0.55546875 0.3055555555555556 0.009895833333333333 0.03888888888888889
3 0.8931041666666667 0.6131203703703704 0.02213020833333322 0.07975925925925935
2 0.52421875 0.2847222222222222 0.008854166666666666 0.03796296296296296
2 0.6231770833333333 0.3435185185185185 0.009895833333333333 0.04814814814814815
2 0.3971354166666667 0.3476851851851852 0.009895833333333333 0.041666666666666664
2 0.85234375 0.32916666666666666 0.011979166666666667 0.04722222222222222
3 0.48932291666666666 0.38425925925925924 0.009895833333333333 0.05
2 0.42916666666666664 0.34629629629629627 0.010416666666666666 0.046296296296296294
2 0.31302083333333336 0.4736111111111111 0.011458333333333333 0.06574074074074074
2 0.5591145833333333 0.38287037037037036 0.016145833333333335 0.05277777777777778
2 0.47942708333333334 0.49907407407407406 0.013020833333333334 0.06666666666666667
2 0.6169270833333333 0.37592592592592594 0.011979166666666667 0.053703703703703705
2 0.74453125 0.5194444444444445 0.016145833333333335 0.07037037037037037
2 0.6286458333333333 0.5 0.020833333333333332 0.053703703703703705
2 0.41380208333333335 0.5435185185185185 0.025520833333333333 0.06666666666666667
2 0.18020833333333333 0.38287037037037036 0.011458333333333333 0.05277777777777778
2 0.7263020833333333 0.5273148148148148 0.013020833333333334 0.075
2 0.59296875 0.5092592592592593 0.011979166666666667 0.06851851851851852
2 0.4388020833333333 0.5319444444444444 0.011979166666666667 0.06574074074074074
2 0.6880208333333333 0.4074074074074074 0.014583333333333334 0.05555555555555555
2 0.5580729166666667 0.5388888888888889 0.0203125 0.07037037037037037
2 0.15052083333333333 0.5268518518518519 0.023958333333333335 0.07407407407407407
0 0.63875 0.28025925925925926 0.007583333333333305 0.012361111111111132
3 0.21380729166666665 0.25878703703703704 0.007708333333333309 0.03292592592592587