2 0.40911458333333334 0.36435185185185187 0.008854166666666666 0.03425925925925926
2 0.36796875 0.36236111111111113 0.013020833333333334 0.03836111111111107
2 0.8033854166666666 0.42777777777777776 0.011979166666666667 0.05
2 0.38723958333333336 0.3902777777777778 0.008854166666666666 0.04351851851851852
2 0.64140625 0.3675925925925926 0.015104166666666667 0.040740740740740744
2 0.8583333333333333 0.45601851851851855 0.0125 0.05092592592592592
2 0.5854166666666667 0.45231481481481484 0.009375 0.049074074074074076
2 0.78359375 0.6532407407407408 0.018229166666666668 0.06759259259259259
2 0.7848958333333333 0.47824074074074074 0.011458333333333333 0.058333333333333334
2 0.70703125 0.5013888888888889 0.015104166666666667 0.05277777777777778
3 0.44583333333333336 0.48009259259259257 0.013541666666666667 0.05277777777777778
2 0.7388020833333333 0.5287037037037037 0.016145833333333335 0.06111111111111111
2 0.21901041666666668 0.425462962962963 0.015104166666666667 0.049074074074074076
2 0.23723958333333334 0.5013888888888889 0.022395833333333334 0.058333333333333334
2 0.17994791666666668 0.5791666666666667 0.0171875 0.06018518518518518
2 0.56171875 0.5708333333333333 0.015104166666666667 0.06388888888888888
2 0.365625 0.44907407407407407 0.016666666666666666 0.05185185185185185
2 0.6807291666666667 0.6671296296296296 0.019791666666666666 0.075
2 0.24765625 0.5638888888888889 0.018229166666666668 0.06296296296296296
2 0.1859375 0.5 0.020833333333333332 0.05925925925925926
2 0.35546875 0.5592592592592592 0.019270833333333334 0.06296296296296296
3 0.3145208333333333 0.33689814814814817 0.010270833333333347 0.036787037037037056
0 0.39723958333333337 0.3791759259259259 0.004234375000000057 0.0084722222222222