2 0.5184895833333333 0.48333333333333334 0.0109375 0.03148148148148148
2 0.4401041666666667 0.49675925925925923 0.009375 0.04722222222222222
1 0.17838541666666666 0.42685185185185187 0.0140625 0.044444444444444446
2 0.22838541666666667 0.5231481481481481 0.008854166666666666 0.053703703703703705
2 0.3190104166666667 0.46296296296296297 0.008854166666666666 0.04814814814814815
2 0.3138020833333333 0.5324074074074074 0.008854166666666666 0.053703703703703705
2 0.4127604166666667 0.41203703703703703 0.011979166666666667 0.04259259259259259
2 0.5216145833333333 0.5125 0.021354166666666667 0.05277777777777778
2 0.2359375 0.5569444444444445 0.0125 0.05092592592592592
2 0.30625 0.575925925925926 0.011458333333333333 0.05925925925925926
2 0.44114583333333335 0.42685185185185187 0.0125 0.040740740740740744
2 0.2747395833333333 0.5611111111111111 0.013020833333333334 0.03518518518518519
2 0.6442708333333333 0.4337962962962963 0.011458333333333333 0.04351851851851852
2 0.4200520833333333 0.5194444444444445 0.0109375 0.04814814814814815
2 0.43072916666666666 0.5273148148148148 0.015625 0.05092592592592592
3 0.3977083333333333 0.5041666666666667 0.015104166666666667 0.05092592592592592
3 0.06328125 0.7032407407407407 0.0234375 0.06574074074074074
2 0.5432291666666667 0.5148148148148148 0.0125 0.05185185185185185
2 0.27708333333333335 0.6462962962962963 0.0125 0.06296296296296296
2 0.6203125 0.5763888888888888 0.015625 0.06759259259259259
2 0.8393229166666667 0.524074074074074 0.011979166666666667 0.05555555555555555
2 0.6630208333333333 0.5814814814814815 0.014583333333333334 0.05740740740740741
2 0.4901041666666667 0.625462962962963 0.020833333333333332 0.06018518518518518
3 0.8528749999999999 0.3483611111111111 0.008546874999999924 0.034435185185185235
0 0.4483020833333333 0.5301388888888888 0.006578125000000057 0.012675925925925976