3 0.4942708333333333 0.4976851851851852 0.013541666666666667 0.04722222222222222
2 0.6115729166666667 0.40879629629629627 0.011687500000000028 0.041666666666666664
2 0.22552083333333334 0.4212962962962963 0.017708333333333333 0.044444444444444446
2 0.2794270833333333 0.37916666666666665 0.0140625 0.03611111111111111
2 0.5098958333333333 0.5254629629629629 0.017708333333333333 0.058333333333333334
2 0.46197916666666666 0.4412037037037037 0.015625 0.04537037037037037
2 0.525 0.5652777777777778 0.013541666666666667 0.058333333333333334
2 0.66053125 0.5530185185185185 0.022104166666666696 0.061601851851851824
2 0.33098958333333334 0.44212962962962965 0.011979166666666667 0.04537037037037037
2 0.5697916666666667 0.47962962962962963 0.01875 0.05185185185185185
2 0.23515625 0.6314814814814815 0.022395833333333334 0.05925925925925926
2 0.3059895833333333 0.47314814814814815 0.0109375 0.05
2 0.2359375 0.6875 0.030208333333333334 0.075
2 0.21744791666666666 0.47314814814814815 0.0140625 0.053703703703703705
2 0.10260416666666666 0.5314814814814814 0.0125 0.06111111111111111
2 0.6239583333333333 0.5412037037037037 0.014583333333333334 0.05648148148148148
2 0.7921875 0.5333333333333333 0.013541666666666667 0.05925925925925926
2 0.13411458333333334 0.5138888888888888 0.016145833333333335 0.05555555555555555
2 0.91328125 0.49537037037037035 0.0171875 0.05185185185185185
2 0.7533854166666667 0.45555555555555555 0.018229166666666668 0.05185185185185185
2 0.4354166666666667 0.5388888888888889 0.019791666666666666 0.05740740740740741
0 0.3730052083333334 0.3798518518518519 0.005796875000000057 0.011120370370370362
3 0.6997812499999999 0.34677777777777774 0.007281250000000009 0.03429629629629626