1 0.0033854166666666668 0.5037037037037037 0.0067708333333333336 0.037037037037037035
2 0.40729166666666666 0.3925925925925926 0.009375 0.03333333333333333
2 0.6247395833333333 0.462037037037037 0.0078125 0.04259259259259259
2 0.5377604166666666 0.4912037037037037 0.011979166666666667 0.04351851851851852
2 0.5947916666666667 0.5356481481481481 0.010416666666666666 0.049074074074074076
2 0.31197916666666664 0.4546296296296296 0.010416666666666666 0.040740740740740744
2 0.5403645833333334 0.43425925925925923 0.008854166666666666 0.037037037037037035
2 0.66953125 0.4842592592592593 0.013020833333333334 0.044444444444444446
2 0.6356770833333333 0.44212962962962965 0.0078125 0.03796296296296296
2 0.65 0.7796296296296297 0.021875 0.06666666666666667
2 0.52109375 0.4875 0.0078125 0.04351851851851852
3 0.5626875000000001 0.5898148148148148 0.0140625 0.05555555555555555
3 0.030989583333333334 0.8203703703703704 0.0234375 0.07592592592592592
2 0.3703125 0.5569444444444445 0.011458333333333333 0.04537037037037037
2 0.153125 0.6199074074074075 0.014583333333333334 0.058333333333333334
2 0.6489583333333333 0.5472222222222223 0.014583333333333334 0.05185185185185185
2 0.3776041666666667 0.5856481481481481 0.011458333333333333 0.05092592592592592
2 0.5424479166666667 0.6453703703703704 0.0140625 0.06111111111111111
2 0.7057291666666666 0.5578703703703703 0.0125 0.05092592592592592
2 0.4510416666666667 0.7708333333333334 0.013541666666666667 0.06759259259259259
2 0.7130208333333333 0.6824074074074075 0.014583333333333334 0.06111111111111111
2 0.48203125 0.6425925925925926 0.011979166666666667 0.05925925925925926
2 0.5098958333333333 0.736574074074074 0.014583333333333334 0.0712962962962963
3 0.614703125 0.3681203703703704 0.008635416666666628 0.03249074074074077
0 0.37413020833333327 0.5664166666666667 0.00568229166666671 0.010009259259259209