2 0.31197916666666664 0.42268518518518516 0.010416666666666666 0.028703703703703703
2 0.5236979166666667 0.44166666666666665 0.009895833333333333 0.037037037037037035
3 0.4627604166666667 0.5120370370370371 0.0109375 0.04259259259259259
2 0.32786458333333335 0.48333333333333334 0.008854166666666666 0.03518518518518519
2 0.5921875 0.4439814814814815 0.007291666666666667 0.03425925925925926
2 0.16901041666666666 0.5259259259259259 0.016145833333333335 0.046296296296296294
2 0.3841145833333333 0.45092592592592595 0.008854166666666666 0.03518518518518519
2 0.23567708333333334 0.49537037037037035 0.0109375 0.040740740740740744
2 0.6440104166666667 0.4842592592592593 0.0109375 0.040740740740740744
2 0.4356770833333333 0.47685185185185186 0.0067708333333333336 0.037037037037037035
2 0.8466145833333333 0.5472222222222223 0.009895833333333333 0.04814814814814815
2 0.60234375 0.5236111111111111 0.0109375 0.03981481481481482
2 0.7479166666666667 0.48842592592592593 0.010416666666666666 0.03981481481481482
2 0.684375 0.5472222222222223 0.009375 0.05
2 0.28619791666666666 0.5046296296296297 0.0109375 0.03888888888888889
2 0.709375 0.625 0.009375 0.05185185185185185
2 0.27395833333333336 0.5768518518518518 0.008333333333333333 0.046296296296296294
1 0.03463541666666667 0.5125 0.0109375 0.04722222222222222
2 0.15598958333333332 0.5685185185185185 0.0140625 0.05
2 0.5653645833333333 0.5939814814814814 0.011979166666666667 0.05092592592592592
2 0.50078125 0.625462962962963 0.011979166666666667 0.05092592592592592
2 0.72578125 0.7412037037037037 0.0140625 0.06388888888888888
3 0.6255416666666667 0.4051111111111111 0.008484374999999982 0.0349166666666667
0 0.17536458333333335 0.5427592592592592 0.005411458333333326 0.010953703703703636