3 0.21918749999999998 0.3633981481481482 0.009213541666666695 0.03060185185185181
2 0.44083854166666664 0.38930555555555557 0.007901041666666704 0.03263888888888889
2 0.65625 0.4152777777777778 0.010416666666666666 0.03981481481481482
2 0.6091145833333333 0.4125 0.008854166666666666 0.03796296296296296
2 0.13359375 0.3800925925925926 0.009895833333333333 0.030555555555555555
2 0.6630208333333333 0.43842592592592594 0.010416666666666666 0.03796296296296296
3 0.8796875 0.8439814814814814 0.020833333333333332 0.0787037037037037
2 0.6098958333333333 0.44583333333333336 0.0125 0.03611111111111111
2 0.1875 0.38425925925925924 0.0125 0.02962962962962963
2 0.7979166666666667 0.6546296296296297 0.013541666666666667 0.05740740740740741
2 0.37395833333333334 0.48842592592592593 0.011458333333333333 0.04351851851851852
2 0.7158854166666667 0.49444444444444446 0.0140625 0.046296296296296294
2 0.44817708333333334 0.4287037037037037 0.009895833333333333 0.040740740740740744
3 0.48975 0.481537037037037 0.010750000000000053 0.04433333333333343
2 0.6359375 0.5152777777777777 0.010416666666666666 0.049074074074074076
2 0.12942708333333333 0.4398148148148148 0.015104166666666667 0.03888888888888889
2 0.6239583333333333 0.5555555555555556 0.013541666666666667 0.053703703703703705
2 0.8065104166666667 0.7032407407407407 0.013020833333333334 0.06574074074074074
2 0.74296875 0.5504629629629629 0.011979166666666667 0.05462962962962963
2 0.6510416666666666 0.600925925925926 0.015625 0.05740740740740741
2 0.33098958333333334 0.5523148148148148 0.011979166666666667 0.05092592592592592
2 0.15416666666666667 0.5138888888888888 0.0125 0.04814814814814815
2 0.4900260416666667 0.45471296296296293 0.010875000000000056 0.04242592592592597
2 0.4364739583333333 0.3797314814814815 0.006197916666666714 0.030851851851851898