2 0.4044270833333333 0.17824074074074073 0.0109375 0.03981481481481482
3 0.008854166666666666 0.9768518518518519 0.014583333333333334 0.044444444444444446
2 0.6502604166666667 0.4564814814814815 0.019270833333333334 0.07222222222222222
2 0.6252604166666667 0.34305555555555556 0.0140625 0.058333333333333334
2 0.60625 0.29074074074074074 0.015625 0.05185185185185185
2 0.2872395833333333 0.35509259259259257 0.0140625 0.058333333333333334
2 0.4231770833333333 0.24027777777777778 0.0078125 0.04722222222222222
2 0.65703125 0.4027777777777778 0.015104166666666667 0.06296296296296296
2 0.21796875 0.2824074074074074 0.015104166666666667 0.05
3 0.5247395833333334 0.43425925925925923 0.013020833333333334 0.06851851851851852
2 0.7252604166666666 0.5555555555555556 0.019270833333333334 0.07777777777777778
2 0.5354166666666667 0.3509259259259259 0.011458333333333333 0.05555555555555555
2 0.36744791666666665 0.44675925925925924 0.018229166666666668 0.07314814814814814
2 0.6822916666666666 0.43472222222222223 0.014583333333333334 0.06388888888888888
2 0.36614583333333334 0.37453703703703706 0.013541666666666667 0.06018518518518518
2 0.4859375 0.31527777777777777 0.011458333333333333 0.05462962962962963
2 0.19375 0.48009259259259257 0.016666666666666666 0.07685185185185185
2 0.5536458333333333 0.3699074074074074 0.014583333333333334 0.06574074074074074
2 0.49192708333333335 0.5689814814814815 0.016145833333333335 0.0787037037037037
2 0.6078125 0.512962962962963 0.017708333333333333 0.07222222222222222
2 0.5713541666666667 0.8916666666666667 0.020833333333333332 0.12037037037037036
2 0.604578125 0.27325925925925926 0.011276041666666714 0.049064814814814825
3 0.5279166666666667 0.15980555555555556 0.008989583333333329 0.040851851851851854
0 0.25428645833333335 0.3136851851851852 0.005411458333333326 0.011018518518518497