2 0.21104687500000002 0.3249814814814815 0.014364583333333354 0.04255555555555559
2 0.14973958333333334 0.4185185185185185 0.009895833333333333 0.05925925925925926
2 0.2203125 0.31157407407407406 0.011458333333333333 0.04537037037037037
2 0.33255208333333336 0.2375 0.0109375 0.03981481481481482
2 0.4 0.22685185185185186 0.017708333333333333 0.046296296296296294
2 0.31484375 0.2310185185185185 0.0078125 0.03796296296296296
1 0.09479166666666666 0.337037037037037 0.009375 0.05925925925925926
2 0.14453125 0.36574074074074076 0.009895833333333333 0.053703703703703705
2 0.4557291666666667 0.2490740740740741 0.011458333333333333 0.04259259259259259
2 0.3015625 0.2898148148148148 0.008333333333333333 0.053703703703703705
2 0.5989583333333334 0.2412037037037037 0.014583333333333334 0.041666666666666664
2 0.18541666666666667 0.31342592592592594 0.011458333333333333 0.05462962962962963
3 0.4200520833333333 0.27929629629629626 0.0109375 0.05092592592592592
2 0.23203125 0.3773148148148148 0.011979166666666667 0.06018518518518518
2 0.11302083333333333 0.38472222222222224 0.015625 0.06018518518518518
2 0.3171875 0.32731481481481484 0.016666666666666666 0.05648148148148148
2 0.4390625 0.4537037037037037 0.015625 0.06851851851851852
2 0.7283854166666667 0.3416666666666667 0.0109375 0.06296296296296296
2 0.75234375 0.3476851851851852 0.015104166666666667 0.06388888888888888
2 0.5098958333333333 0.3060185185185185 0.014583333333333334 0.05462962962962963
2 0.8388020833333333 0.3023148148148148 0.0109375 0.058333333333333334
0 0.4363697916666666 0.26725925925925925 0.004770833333333376 0.008842592592592551
2 0.33515625 0.22441666666666668 0.010854166666666625 0.04961111111111115