2 0.320203125 0.2179722222222222 0.012953124999999944 0.052972222222222205
0 0.8059895833333334 0.3189814814814815 0.005729166666666666 0.010185185185185186
3 0.41302083333333334 0.07731481481481481 0.009375 0.04537037037037037
2 0.39663541666666663 0.3715277777777778 0.015140624999999967 0.07269444444444444
2 0.5348958333333333 0.08935185185185185 0.010416666666666666 0.04537037037037037
2 0.15520833333333334 0.625462962962963 0.027083333333333334 0.09166666666666666
2 0.32057291666666665 0.2337962962962963 0.0109375 0.06388888888888888
2 0.47760416666666666 0.24212962962962964 0.010416666666666666 0.062037037037037036
3 0.39389583333333333 0.3876481481481482 0.013838541666666633 0.0728518518518518
2 0.56953125 0.175 0.009895833333333333 0.053703703703703705
2 0.8190104166666666 0.28703703703703703 0.019270833333333334 0.06481481481481481
2 0.4359375 0.30324074074074076 0.016666666666666666 0.05648148148148148
2 0.15833333333333333 0.5824074074074074 0.027083333333333334 0.08333333333333333
2 0.2713541666666667 0.32592592592592595 0.014583333333333334 0.06666666666666667
2 0.5401041666666667 0.29074074074074074 0.0125 0.06666666666666667
2 0.6552083333333333 0.30277777777777776 0.013541666666666667 0.06851851851851852
2 0.240625 0.39444444444444443 0.014583333333333334 0.07407407407407407
2 0.3893229166666667 0.46296296296296297 0.0203125 0.07592592592592592
2 0.22864583333333333 0.4125 0.021875 0.07685185185185185
2 0.8359375 0.5101851851851852 0.022916666666666665 0.08888888888888889
2 0.64453125 0.5231481481481481 0.0234375 0.08333333333333333
2 0.38645833333333335 0.5574074074074075 0.022916666666666665 0.08518518518518518
2 0.3229166666666667 0.899537037037037 0.030208333333333334 0.11203703703703703