3 0.11145833333333334 0.2696574074074074 0.008333333333333333 0.03333333333333333
1 0.83359375 0.34305555555555556 0.016145833333333335 0.03611111111111111
2 0.6533541666666667 0.35574999999999996 0.012552083333333287 0.0400833333333333
2 0.35 0.33425925925925926 0.009375 0.04259259259259259
3 0.4765625 0.37962962962962965 0.009375 0.046296296296296294
2 0.52578125 0.41388888888888886 0.0109375 0.046296296296296294
2 0.40703125 0.45694444444444443 0.008854166666666666 0.05648148148148148
2 0.39895833333333336 0.4527777777777778 0.015625 0.05740740740740741
2 0.146875 0.4666666666666667 0.011458333333333333 0.05925925925925926
2 0.6776041666666667 0.3625 0.016666666666666666 0.03981481481481482
2 0.20234375 0.7430555555555556 0.015104166666666667 0.07685185185185185
2 0.7299479166666667 0.41064814814814815 0.0171875 0.04722222222222222
2 0.5640625 0.38935185185185184 0.014583333333333334 0.04722222222222222
2 0.5106770833333333 0.3662037037037037 0.016145833333333335 0.04722222222222222
2 0.5447916666666667 0.44351851851851853 0.010416666666666666 0.053703703703703705
2 0.11197916666666667 0.6023148148148149 0.017708333333333333 0.0712962962962963
2 0.16458333333333333 0.45416666666666666 0.016666666666666666 0.05277777777777778
2 0.42552083333333335 0.5069444444444444 0.0125 0.058333333333333334
2 0.7395833333333334 0.5120370370370371 0.014583333333333334 0.053703703703703705
2 0.13229166666666667 0.7208333333333333 0.020833333333333332 0.08425925925925926
2 0.38515625 0.5949074074074074 0.0234375 0.06018518518518518
2 0.6595052083333334 0.3495740740740741 0.010859374999999952 0.03737962962962963
2 0.65009375 0.3451296296296296 0.015317708333333258 0.0470555555555556