2 0.4010416666666667 0.2763888888888889 0.008333333333333333 0.030555555555555555
2 0.7015625 0.30925925925925923 0.010416666666666666 0.03888888888888889
2 0.3424479166666667 0.39305555555555555 0.009895833333333333 0.04351851851851852
2 0.43072916666666666 0.31805555555555554 0.010416666666666666 0.03425925925925926
2 0.20703125 0.37222222222222223 0.008854166666666666 0.040740740740740744
2 0.24296875 0.3425925925925926 0.0067708333333333336 0.037037037037037035
2 0.24869791666666666 0.524074074074074 0.0078125 0.05555555555555555
2 0.2565104166666667 0.4736111111111111 0.009895833333333333 0.049074074074074076
2 0.21484375 0.3587962962962963 0.0078125 0.041666666666666664
2 0.22473958333333333 0.5773148148148148 0.0109375 0.06018518518518518
1 0.7893229166666667 0.38425925925925924 0.0140625 0.04814814814814815
2 0.8979166666666667 0.4666666666666667 0.010416666666666666 0.04814814814814815
2 0.2955729166666667 0.3527777777777778 0.0078125 0.037037037037037035
2 0.6572916666666667 0.4217592592592593 0.008333333333333333 0.049074074074074076
2 0.5497395833333333 0.38101851851851853 0.0078125 0.03981481481481482
3 0.371875 0.3861111111111111 0.007291666666666667 0.04259259259259259
2 0.20338541666666668 0.4888888888888889 0.008854166666666666 0.05555555555555555
2 0.5692708333333333 0.41712962962962963 0.008333333333333333 0.049074074074074076
2 0.27578125 0.6129629629629629 0.016145833333333335 0.06296296296296296
2 0.6497395833333334 0.7648148148148148 0.019270833333333334 0.07407407407407407
2 0.35494791666666664 0.6037037037037037 0.011979166666666667 0.06296296296296296
2 0.49114583333333334 0.6236111111111111 0.013541666666666667 0.062037037037037036
3 0.14661458333333333 0.9310185185185185 0.025520833333333333 0.08611111111111111
0 0.7716562499999999 0.40418518518518515 0.005406250000000057 0.010675925925925901
3 0.640515625 0.24470370370370367 0.0093020833333334 0.03340740740740745