2 0.8841145833333334 0.9851851851851852 0.0171875 0.027777777777777776
2 0.48776041666666664 0.38796296296296295 0.0109375 0.03518518518518519
2 0.5729427083333333 0.3703240740740741 0.008333333333333333 0.034999999999999955
2 0.4119791666666667 0.41064814814814815 0.013541666666666667 0.03611111111111111
2 0.7421875 0.7939814814814815 0.013541666666666667 0.0787037037037037
2 0.20338541666666668 0.5569444444444445 0.021354166666666667 0.049074074074074076
2 0.3765625 0.5587962962962963 0.016666666666666666 0.05092592592592592
2 0.34010416666666665 0.5194444444444445 0.013541666666666667 0.05185185185185185
2 0.4627604166666667 0.42407407407407405 0.008854166666666666 0.04259259259259259
2 0.6567708333333333 0.5967592592592592 0.0125 0.06018518518518518
2 0.6692708333333334 0.43796296296296294 0.010416666666666666 0.03888888888888889
2 0.7721354166666666 0.5421296296296296 0.013020833333333334 0.05462962962962963
2 0.7434895833333334 0.725925925925926 0.016145833333333335 0.07222222222222222
3 0.5104166666666666 0.5074074074074074 0.013541666666666667 0.05185185185185185
2 0.36015625 0.7037037037037037 0.019270833333333334 0.06851851851851852
2 0.3966145833333333 0.6828703703703703 0.011979166666666667 0.06388888888888888
2 0.29453125 0.538425925925926 0.011979166666666667 0.05092592592592592
2 0.2955729166666667 0.4671296296296296 0.016145833333333335 0.04537037037037037
2 0.3151041666666667 0.6240740740740741 0.015625 0.05555555555555555
2 0.3776041666666667 0.6171296296296296 0.014583333333333334 0.06018518518518518
2 0.13984375 0.6023148148148149 0.0203125 0.05462962962962963
2 0.47708333333333336 0.5652777777777778 0.011458333333333333 0.06018518518518518
0 0.13119270833333338 0.5332037037037037 0.0047760416666666455 0.009657407407407467
1 0.15481770833333333 0.4293148148148148 0.021046874999999982 0.034074074074074034
3 0.8178958333333334 0.32923148148148146 0.008578124999999897 0.03574074074074076