2 0.6596354166666667 0.3074074074074074 0.009895833333333333 0.027777777777777776
2 0.40703125 0.4449074074074074 0.0078125 0.04351851851851852
2 0.6348958333333333 0.3611111111111111 0.009375 0.037037037037037035
2 0.5395833333333333 0.3226851851851852 0.009375 0.03425925925925926
2 0.5973958333333333 0.3800925925925926 0.008333333333333333 0.03796296296296296
2 0.44510937500000003 0.37502777777777774 0.011052083333333348 0.03884259259259264
2 0.74609375 0.32916666666666666 0.008854166666666666 0.03611111111111111
2 0.428125 0.3958333333333333 0.007291666666666667 0.041666666666666664
2 0.5067708333333333 0.44166666666666665 0.010416666666666666 0.04814814814814815
2 0.7736979166666667 0.3726851851851852 0.0109375 0.03796296296296296
2 0.40651041666666665 0.49074074074074076 0.0109375 0.05555555555555555
1 0.07161458333333333 0.41203703703703703 0.009895833333333333 0.046296296296296294
2 0.5520833333333334 0.4722222222222222 0.010416666666666666 0.05
2 0.7098958333333333 0.4023148148148148 0.009375 0.03981481481481482
2 0.6736979166666667 0.3814814814814815 0.0067708333333333336 0.040740740740740744
3 0.5213541666666667 0.425462962962963 0.007291666666666667 0.04537037037037037
2 0.9234375 0.46111111111111114 0.011458333333333333 0.04814814814814815
2 0.803125 0.4356481481481482 0.013541666666666667 0.049074074074074076
2 0.39505208333333336 0.6212962962962963 0.015104166666666667 0.05740740740740741
2 0.75703125 0.6472222222222223 0.0140625 0.06481481481481481
2 0.4432291666666667 0.7175925925925926 0.019791666666666666 0.06666666666666667
0 0.7630885416666667 0.3882222222222222 0.0051614583333332575 0.010379629629629664
2 0.44651562499999997 0.3651296296296296 0.009817708333333286 0.04359259259259263
3 0.44780729166666666 0.2837777777777778 0.007234375000000052 0.029907407407407365