2 0.40130208333333334 0.29953703703703705 0.008854166666666666 0.030555555555555555
2 0.48880208333333336 0.3277777777777778 0.0078125 0.03333333333333333
2 0.39869791666666665 0.36203703703703705 0.0067708333333333336 0.03518518518518519
2 0.574953125 0.38149074074074074 0.008119791666666742 0.038962962962963
2 0.5098958333333333 0.44722222222222224 0.009375 0.046296296296296294
2 0.36875 0.38472222222222224 0.008333333333333333 0.03611111111111111
2 0.4479166666666667 0.399537037037037 0.009375 0.03981481481481482
2 0.6270833333333333 0.6310185185185185 0.011458333333333333 0.06018518518518518
2 0.4859375 0.48009259259259257 0.009375 0.04722222222222222
2 0.3020833333333333 0.40185185185185185 0.010416666666666666 0.03888888888888889
2 0.2721354166666667 0.34120370370370373 0.0078125 0.03611111111111111
2 0.5833333333333334 0.4125 0.009375 0.04351851851851852
2 0.28880208333333335 0.4532407407407407 0.009895833333333333 0.04722222222222222
2 0.6127604166666667 0.462037037037037 0.009895833333333333 0.04814814814814815
2 0.27734375 0.38657407407407407 0.0067708333333333336 0.03796296296296296
2 0.6010416666666667 0.45925925925925926 0.007291666666666667 0.05185185185185185
2 0.08359375 0.475 0.008854166666666666 0.044444444444444446
2 0.4953125 0.49212962962962964 0.0125 0.04722222222222222
1 0.9158854166666667 0.412962962962963 0.011979166666666667 0.044444444444444446
2 0.26875 0.6810185185185185 0.015625 0.06759259259259259
2 0.6458333333333334 0.7930555555555555 0.016666666666666666 0.07314814814814814
0 0.09693229166666661 0.49426851851851844 0.004973958333333339 0.010074074074074174
2 0.5597864583333333 0.28414814814814815 0.006723958333333257 0.0290462962962963
2 0.5772968749999999 0.37526851851851856 0.008598958333333446 0.03847222222222218