2 0.89609375 0.5342592592592592 0.016145833333333335 0.04259259259259259
2 0.5596354166666667 0.41712962962962963 0.0078125 0.03611111111111111
2 0.5859375 0.45601851851851855 0.007291666666666667 0.03611111111111111
2 0.6028645833333334 0.49398148148148147 0.011979166666666667 0.041666666666666664
2 0.38385416666666666 0.4398148148148148 0.008333333333333333 0.03518518518518519
2 0.5450520833333333 0.46435185185185185 0.009895833333333333 0.03796296296296296
2 0.36953125 0.4375 0.0067708333333333336 0.03796296296296296
2 0.7260416666666667 0.5226851851851851 0.008333333333333333 0.04537037037037037
2 0.40625 0.5453703703703704 0.010416666666666666 0.04814814814814815
2 0.5825520833333333 0.5296296296296297 0.008854166666666666 0.046296296296296294
2 0.11927083333333334 0.5546296296296296 0.009375 0.053703703703703705
2 0.39010416666666664 0.5388888888888889 0.009375 0.04814814814814815
2 0.6091145833333333 0.5902777777777778 0.008854166666666666 0.05092592592592592
2 0.13645833333333332 0.6370370370370371 0.009375 0.06111111111111111
2 0.5971354166666667 0.5995370370370371 0.0109375 0.05648148148148148
2 0.78828125 0.5833333333333334 0.013020833333333334 0.05
3 0.09505208333333333 0.8138888888888889 0.0140625 0.08333333333333333
2 0.15286458333333333 0.6370370370370371 0.0140625 0.06296296296296296
2 0.9188124999999999 0.5413888888888889 0.008010416666666723 0.04423148148148146
2 0.9090364583333332 0.5461759259259259 0.011328125 0.043435185185185264
1 0.640640625 0.41681481481481486 0.010177083333333314 0.036129629629629616
2 0.5688645833333333 0.4209537037037037 0.010067708333333295 0.03645370370370371