1 0.039322916666666666 0.4474351851851852 0.0171875 0.04814814814814815
2 0.5510416666666667 0.41898148148148145 0.0125 0.03796296296296296
2 0.6994791666666667 0.44305555555555554 0.0125 0.04722222222222222
2 0.5567708333333333 0.4537037037037037 0.010416666666666666 0.044444444444444446
2 0.8234375 0.43657407407407406 0.014583333333333334 0.041666666666666664
2 0.4205729166666667 0.41435185185185186 0.008854166666666666 0.041666666666666664
2 0.42734375 0.45 0.008854166666666666 0.046296296296296294
2 0.5145833333333333 0.5611111111111111 0.011458333333333333 0.05740740740740741
2 0.31328125 0.4615740740740741 0.015104166666666667 0.05277777777777778
2 0.8127604166666667 0.5018518518518519 0.018229166666666668 0.05185185185185185
2 0.8044270833333333 0.4787037037037037 0.011979166666666667 0.05
2 0.590625 0.48333333333333334 0.016666666666666666 0.044444444444444446
2 0.40182291666666664 0.48564814814814816 0.009895833333333333 0.049074074074074076
2 0.37005208333333334 0.46944444444444444 0.0109375 0.046296296296296294
2 0.5130208333333334 0.6083333333333333 0.019791666666666666 0.05740740740740741
2 0.28411458333333334 0.4791666666666667 0.011979166666666667 0.05092592592592592
2 0.86953125 0.5560185185185185 0.0171875 0.062037037037037036
2 0.21953125 0.5787037037037037 0.011979166666666667 0.05925925925925926
2 0.9364583333333333 0.5273148148148148 0.015625 0.058333333333333334
3 0.36744791666666665 0.5259259259259259 0.013020833333333334 0.05740740740740741
2 0.17578125 0.663425925925926 0.0234375 0.0712962962962963
0 0.5795520833333333 0.45512037037037034 0.005989583333333334 0.011638888888888935
2 0.30907291666666664 0.4439722222222222 0.00983333333333339 0.04715740740740736
3 0.414125 0.3511574074074074 0.009828124999999943 0.034990740740740704