3 0.6338541666666667 0.2884259259259259 0.008333333333333333 0.04351851851851852
2 0.3182291666666667 0.32916666666666666 0.008333333333333333 0.041666666666666664
2 0.2375 0.34675925925925927 0.009375 0.05092592592592592
2 0.38828125 0.37175925925925923 0.013020833333333334 0.05462962962962963
2 0.41744791666666664 0.36574074074074076 0.015104166666666667 0.04814814814814815
2 0.24375 0.4537037037037037 0.015625 0.06296296296296296
2 0.5471354166666667 0.3138888888888889 0.016145833333333335 0.040740740740740744
2 0.57890625 0.4090462962962963 0.0109375 0.05227777777777781
2 0.33671875 0.39537037037037037 0.0109375 0.053703703703703705
3 0.28541666666666665 0.41712962962962963 0.011458333333333333 0.06388888888888888
2 0.25859375 0.4699074074074074 0.013020833333333334 0.06944444444444445
2 0.534375 0.47638888888888886 0.01875 0.07314814814814814
2 0.7971354166666667 0.5273148148148148 0.016145833333333335 0.07685185185185185
2 0.1046875 0.5185185185185185 0.017708333333333333 0.07962962962962963
2 0.6765625 0.412962962962963 0.019791666666666666 0.06296296296296296
2 0.5802083333333333 0.7541666666666667 0.017708333333333333 0.09907407407407408
2 0.5067708333333333 0.48055555555555557 0.013541666666666667 0.06666666666666667
2 0.1671875 0.4162037037037037 0.016666666666666666 0.06574074074074074
2 0.08411458333333334 0.49398148148148147 0.018229166666666668 0.075
2 0.13671875 0.638425925925926 0.022395833333333334 0.08611111111111111
2 0.2953125 0.6189814814814815 0.015625 0.08796296296296297
2 0.07161458333333333 0.5949074074074074 0.019270833333333334 0.08425925925925926
0 0.5780729166666667 0.3814166666666667 0.005203124999999887 0.010629629629629647