2 0.69609375 0.3731481481481482 0.0109375 0.040740740740740744
2 0.5083333333333333 0.36666666666666664 0.00625 0.03333333333333333
2 0.33515625 0.37453703703703706 0.009895833333333333 0.04351851851851852
2 0.8643229166666667 0.4587962962962963 0.0109375 0.05277777777777778
2 0.79296875 0.39861111111111114 0.011979166666666667 0.03796296296296296
2 0.7270833333333333 0.4310185185185185 0.010416666666666666 0.04351851851851852
2 0.5268229166666667 0.387037037037037 0.008854166666666666 0.03888888888888889
2 0.6825520833333333 0.4134259259259259 0.008854166666666666 0.04537037037037037
2 0.16302083333333334 0.5101851851851852 0.013541666666666667 0.05740740740740741
2 0.4265625 0.4222222222222222 0.010416666666666666 0.04814814814814815
2 0.8666666666666667 0.4949074074074074 0.013541666666666667 0.058333333333333334
2 0.8119791666666667 0.5601851851851852 0.014583333333333334 0.05740740740740741
1 0.14166666666666666 0.4064814814814815 0.010416666666666666 0.046296296296296294
2 0.69296875 0.5305555555555556 0.0109375 0.053703703703703705
2 0.4005208333333333 0.40694444444444444 0.008333333333333333 0.041666666666666664
2 0.7153645833333333 0.4810185185185185 0.0140625 0.05092592592592592
2 0.8833333333333333 0.5069444444444444 0.013541666666666667 0.058333333333333334
2 0.5247395833333334 0.5569444444444445 0.0140625 0.058333333333333334
3 0.59921875 0.4587962962962963 0.0109375 0.04722222222222222
2 0.3546875 0.4740740740740741 0.011458333333333333 0.05555555555555555
2 0.31666666666666665 0.6527777777777778 0.01875 0.07222222222222222
3 0.8545052083333334 0.3590277777777778 0.011333333333333447 0.040592592592592625
2 0.46940624999999997 0.34862037037037036 0.011604166666666653 0.03828703703703706
0 0.17705208333333336 0.5348981481481482 0.006713541666666659 0.012888888888888957