0 0.4705729166666667 0.2 0.005729166666666666 0.011111111111111112
2 0.5025052083333333 0.1408888888888889 0.014536458333333375 0.05154629629629631
2 0.5447916666666667 0.19814814814814816 0.016666666666666666 0.05740740740740741
2 0.7255208333333333 0.25462962962962965 0.016666666666666666 0.07222222222222222
2 0.43046875 0.1712962962962963 0.0203125 0.04814814814814815
2 0.3859375 0.1787037037037037 0.019791666666666666 0.05185185185185185
2 0.5630208333333333 0.1587962962962963 0.015625 0.05462962962962963
2 0.3690104166666667 0.20324074074074075 0.018229166666666668 0.06388888888888888
2 0.57578125 0.18287037037037038 0.0140625 0.062037037037037036
2 0.07734375 0.21342592592592594 0.0140625 0.0712962962962963
2 0.5359375 0.22870370370370371 0.01875 0.06481481481481481
2 0.33359375 0.1935185185185185 0.0171875 0.06296296296296296
2 0.18697916666666667 0.21666666666666667 0.019791666666666666 0.06666666666666667
2 0.21145833333333333 0.28888888888888886 0.011458333333333333 0.07962962962962963
3 0.34713541666666664 0.2543055555555555 0.024479166666666666 0.0712962962962963
2 0.0828125 0.29212962962962963 0.01875 0.07685185185185185
2 0.4231770833333333 0.2537037037037037 0.0234375 0.07407407407407407
2 0.47734375 0.41064814814814815 0.028645833333333332 0.09351851851851851
2 0.6963541666666667 0.21296296296296297 0.023958333333333335 0.06666666666666667
2 0.5997395833333333 0.24722222222222223 0.025520833333333333 0.07222222222222222
2 0.56953125 0.2847222222222222 0.027604166666666666 0.06759259259259259
2 0.7942708333333334 0.30648148148148147 0.015625 0.07592592592592592