0 0.35911458333333335 0.38564814814814813 0.005729166666666666 0.010185185185185186
2 0.55859375 0.2564814814814815 0.0078125 0.03888888888888889
2 0.6161458333333333 0.23796296296296296 0.011458333333333333 0.037037037037037035
2 0.51171875 0.25416666666666665 0.008854166666666666 0.04537037037037037
2 0.778125 0.26342592592592595 0.009375 0.04351851851851852
2 0.3653645833333333 0.2657407407407407 0.008854166666666666 0.04259259259259259
2 0.528125 0.2611111111111111 0.009375 0.04259259259259259
3 0.6611979166666667 0.3199074074074074 0.009895833333333333 0.049074074074074076
1 0.049479166666666664 0.32037037037037036 0.013541666666666667 0.05185185185185185
2 0.3846354166666667 0.26342592592592595 0.015104166666666667 0.04722222222222222
2 0.3924479166666667 0.34675925925925927 0.0109375 0.05092592592592592
2 0.63515625 0.3541666666666667 0.015104166666666667 0.05462962962962963
2 0.7111979166666667 0.2828703703703704 0.011979166666666667 0.049074074074074076
2 0.846875 0.32592592592592595 0.011458333333333333 0.05555555555555555
2 0.83359375 0.32592592592592595 0.011979166666666667 0.053703703703703705
2 0.11692708333333333 0.43842592592592594 0.016145833333333335 0.0712962962962963
2 0.5598958333333334 0.41574074074074074 0.010416666666666666 0.05740740740740741
2 0.4005208333333333 0.4324074074074074 0.020833333333333332 0.06481481481481481
2 0.3497395833333333 0.3587962962962963 0.0109375 0.06018518518518518
2 0.8091145833333333 0.49953703703703706 0.016145833333333335 0.07685185185185185
2 0.6703125 0.7337962962962963 0.029166666666666667 0.10277777777777777
2 0.5796875 0.3402777777777778 0.011458333333333333 0.05092592592592592
2 0.67578125 0.513425925925926 0.0203125 0.0787037037037037
3 0.8449427083333333 0.24095370370370373 0.012255208333333437 0.04341666666666665