2 0.7104166666666667 0.2611111111111111 0.009375 0.03888888888888889
2 0.8026041666666667 0.2898148148148148 0.009375 0.044444444444444446
2 0.6786458333333333 0.2791666666666667 0.009375 0.03981481481481482
2 0.7908854166666667 0.31712962962962965 0.0109375 0.04722222222222222
1 0.034375 0.3425925925925926 0.0125 0.04814814814814815
0 0.16822916666666668 0.5583333333333333 0.007291666666666667 0.011111111111111112
2 0.5567708333333333 0.2773148148148148 0.010416666666666666 0.041666666666666664
2 0.3815104166666667 0.30092592592592593 0.008854166666666666 0.044444444444444446
2 0.51796875 0.2675925925925926 0.008854166666666666 0.04259259259259259
2 0.84140625 0.37453703703703706 0.011979166666666667 0.05648148148148148
2 0.8763020833333334 0.6092592592592593 0.0296875 0.07592592592592592
2 0.41302083333333334 0.28194444444444444 0.009375 0.04722222222222222
2 0.8544270833333333 0.3560185185185185 0.011979166666666667 0.05648148148148148
2 0.757296875 0.4203703703703704 0.017697916666666678 0.06296296296296296
3 0.71171875 0.375 0.013020833333333334 0.05925925925925926
2 0.6869791666666667 0.5208333333333334 0.016666666666666666 0.075
2 0.5713541666666667 0.3907407407407407 0.016666666666666666 0.05555555555555555
2 0.5669270833333333 0.48564814814814816 0.016145833333333335 0.062037037037037036
2 0.3966145833333333 0.4356481481481482 0.013020833333333334 0.06388888888888888
2 0.7229166666666667 0.7824074074074074 0.028125 0.10185185185185185
2 0.48489583333333336 0.4351851851851852 0.01875 0.06296296296296296
2 0.315625 0.49212962962962964 0.014583333333333334 0.06759259259259259
2 0.10338541666666666 0.5236111111111111 0.0203125 0.07685185185185185