2 0.3497708333333333 0.28379629629629627 0.01399479166666661 0.03611111111111111
1 0.92578125 0.3125 0.009895833333333333 0.049074074074074076
2 0.32005208333333335 0.2689814814814815 0.011979166666666667 0.03425925925925926
2 0.70390625 0.24814814814814815 0.0109375 0.03888888888888889
2 0.22708333333333333 0.31666666666666665 0.010416666666666666 0.046296296296296294
2 0.36015625 0.3199074074074074 0.013020833333333334 0.049074074074074076
2 0.65078125 0.31805555555555554 0.011979166666666667 0.04537037037037037
2 0.2359375 0.3449074074074074 0.0125 0.05092592592592592
2 0.6244791666666667 0.31851851851851853 0.013541666666666667 0.03888888888888889
2 0.6151041666666667 0.2773148148148148 0.009375 0.04351851851851852
2 0.8125 0.3148148148148148 0.009375 0.04814814814814815
2 0.75390625 0.350462962962963 0.013020833333333334 0.05092592592592592
2 0.65859375 0.4305555555555556 0.011979166666666667 0.05740740740740741
2 0.19348958333333333 0.39166666666666666 0.015104166666666667 0.05555555555555555
2 0.5518229166666667 0.37407407407407406 0.0109375 0.053703703703703705
2 0.5369791666666667 0.375 0.0125 0.05740740740740741
3 0.4010416666666667 0.3638888888888889 0.011458333333333333 0.05740740740740741
2 0.234375 0.5291666666666667 0.01875 0.07685185185185185
2 0.8966145833333333 0.4898148148148148 0.016145833333333335 0.07592592592592592
2 0.6057291666666667 0.6805555555555556 0.019791666666666666 0.09814814814814815
2 0.19557291666666668 0.47962962962962963 0.0234375 0.06851851851851852
3 0.19280729166666666 0.2462314814814815 0.011901041666666678 0.04270370370370371
2 0.3595416666666667 0.24662962962962964 0.011598958333333324 0.03716666666666665
0 0.6631979166666666 0.34314814814814815 0.005276041666666723 0.010546296296296285