3 0.7842812499999999 0.2210462962962963 0.01022395833333339 0.04124074074074076
0 0.209375 0.32083333333333336 0.00625 0.012037037037037037
2 0.6565104166666667 0.24351851851851852 0.008854166666666666 0.03888888888888889
2 0.8859375 0.4537037037037037 0.017708333333333333 0.07222222222222222
2 0.59453125 0.2791666666666667 0.013020833333333334 0.041666666666666664
2 0.7411458333333333 0.27870370370370373 0.011458333333333333 0.046296296296296294
2 0.89609375 0.47453703703703703 0.013020833333333334 0.06388888888888888
2 0.3697916666666667 0.2601851851851852 0.010416666666666666 0.044444444444444446
2 0.7231770833333333 0.32222222222222224 0.019270833333333334 0.05
2 0.846875 0.3074074074074074 0.013541666666666667 0.05185185185185185
2 0.3221354166666667 0.2523148148148148 0.0171875 0.03981481481481482
2 0.44479166666666664 0.3162037037037037 0.0125 0.049074074074074076
2 0.47578125 0.4097222222222222 0.022395833333333334 0.06574074074074074
2 0.3184895833333333 0.3148148148148148 0.018229166666666668 0.040740740740740744
2 0.8020833333333334 0.35462962962962963 0.014583333333333334 0.06111111111111111
2 0.4934895833333333 0.475462962962963 0.0234375 0.06759259259259259
2 0.5565104166666667 0.39675925925925926 0.0203125 0.062037037037037036
2 0.8229166666666666 0.4 0.022916666666666665 0.06481481481481481
3 0.6807291666666667 0.4064814814814815 0.017708333333333333 0.06851851851851852
2 0.6473958333333333 0.725462962962963 0.026041666666666668 0.10648148148148148
2 0.09244791666666667 0.3486111111111111 0.009895833333333333 0.058333333333333334
2 0.12395833333333334 0.5587962962962963 0.025 0.08981481481481482