2 0.6020833333333333 0.3597222222222222 0.007291666666666667 0.03611111111111111
2 0.5276041666666667 0.3277777777777778 0.007291666666666667 0.03148148148148148
2 0.3963541666666667 0.3384259259259259 0.007291666666666667 0.025
2 0.6317708333333333 0.39166666666666666 0.010416666666666666 0.03888888888888889
1 0.8109375 0.37592592592592594 0.007291666666666667 0.037037037037037035
2 0.48203125 0.3314814814814815 0.0078125 0.02962962962962963
2 0.5481770833333334 0.3384259259259259 0.0067708333333333336 0.032407407407407406
2 0.5838541666666667 0.36342592592592593 0.007291666666666667 0.032407407407407406
2 0.42213541666666665 0.4050925925925926 0.008854166666666666 0.03611111111111111
2 0.540625 0.4023148148148148 0.009375 0.041666666666666664
3 0.5028229166666667 0.36018518518518516 0.0078125 0.03333333333333333
2 0.38671875 0.3375 0.0067708333333333336 0.030555555555555555
2 0.18046875 0.4217592592592593 0.0078125 0.03611111111111111
2 0.5328125 0.4300925925925926 0.010416666666666666 0.03981481481481482
2 0.64375 0.4050925925925926 0.009375 0.03981481481481482
2 0.6263020833333334 0.4787037037037037 0.0109375 0.04259259259259259
2 0.678125 0.4444444444444444 0.008333333333333333 0.046296296296296294
2 0.28619791666666666 0.4527777777777778 0.008854166666666666 0.044444444444444446
2 0.7033854166666667 0.44074074074074077 0.011979166666666667 0.040740740740740744
2 0.5981770833333333 0.6157407407407407 0.009895833333333333 0.053703703703703705
2 0.17161458333333332 0.4699074074074074 0.0109375 0.04537037037037037
2 0.14192708333333334 0.5106481481481482 0.011979166666666667 0.04351851851851852
3 0.18830208333333334 0.33912037037037035 0.007718750000000026 0.029824074074074107