2 0.3890625 0.29583333333333334 0.014583333333333334 0.049074074074074076
2 0.34453125 0.2611111111111111 0.0109375 0.044444444444444446
1 0.037265624999999976 0.28055555555555556 0.0140625 0.04814814814814815
2 0.2598958333333333 0.29814814814814816 0.01875 0.05
2 0.2755208333333333 0.27037037037037037 0.010416666666666666 0.05
2 0.35104166666666664 0.3050925925925926 0.013541666666666667 0.05092592592592592
2 0.8596354166666667 0.375 0.015104166666666667 0.06296296296296296
2 0.4921875 0.24953703703703703 0.022916666666666665 0.04351851851851852
2 0.24765625 0.3050925925925926 0.013020833333333334 0.05277777777777778
2 0.3880208333333333 0.3787037037037037 0.014583333333333334 0.05925925925925926
2 0.2734375 0.44166666666666665 0.021875 0.07037037037037037
2 0.7309895833333333 0.2638888888888889 0.016145833333333335 0.046296296296296294
2 0.8432291666666667 0.36898148148148147 0.013541666666666667 0.06018518518518518
2 0.5822916666666667 0.32222222222222224 0.016666666666666666 0.05925925925925926
2 0.31223958333333335 0.4074074074074074 0.030729166666666665 0.05555555555555555
2 0.8075520833333333 0.31342592592592594 0.0140625 0.05648148148148148
3 0.553125 0.2967592592592593 0.014583333333333334 0.05462962962962963
2 0.33177083333333335 0.4310185185185185 0.025 0.0712962962962963
2 0.52265625 0.4949074074074074 0.018229166666666668 0.075
2 0.8513020833333333 0.4148148148148148 0.0203125 0.07222222222222222
2 0.4591145833333333 0.3814814814814815 0.0171875 0.06111111111111111
2 0.6666666666666666 0.3143518518518518 0.020833333333333332 0.05277777777777778
0 0.3413802083333334 0.27913888888888894 0.0051354166666666146 0.009305555555555513