3 0.7949166666666667 0.20277777777777778 0.010416666666666666 0.03888888888888889
2 0.6434895833333333 0.22407407407407406 0.009895833333333333 0.04259259259259259
2 0.5697916666666667 0.2796296296296296 0.010416666666666666 0.05
2 0.7901041666666667 0.2953703703703704 0.0125 0.05740740740740741
2 0.8333333333333334 0.34305555555555556 0.015625 0.06018518518518518
2 0.47630208333333335 0.26481481481481484 0.0109375 0.05
2 0.5661458333333333 0.3287037037037037 0.013541666666666667 0.05740740740740741
2 0.53046875 0.3287037037037037 0.0109375 0.05925925925925926
2 0.7236979166666667 0.3662037037037037 0.013020833333333334 0.062037037037037036
2 0.73203125 0.3138888888888889 0.013020833333333334 0.05185185185185185
2 0.8265625 0.37916666666666665 0.014583333333333334 0.06759259259259259
2 0.8760416666666667 0.43425925925925923 0.013541666666666667 0.07407407407407407
2 0.5268229166666667 0.38425925925925924 0.0203125 0.06296296296296296
1 0.11510416666666666 0.3148148148148148 0.013541666666666667 0.05740740740740741
2 0.3455729166666667 0.26157407407407407 0.0109375 0.05277777777777778
3 0.6809895833333334 0.34814814814814815 0.011979166666666667 0.06296296296296296
2 0.5432291666666667 0.4412037037037037 0.015625 0.0712962962962963
2 0.8197916666666667 0.4648148148148148 0.019791666666666666 0.07222222222222222
2 0.8697916666666666 0.5532407407407407 0.015625 0.08055555555555556
2 0.13333333333333333 0.45925925925925926 0.016666666666666666 0.07777777777777778
2 0.51796875 0.7342592592592593 0.022395833333333334 0.10740740740740741
2 0.6248072916666667 0.293462962962963 0.011953124999999905 0.05499074074074073
2 0.5348072916666666 0.2043888888888889 0.013255208333333239 0.04296296296296294
0 0.1315364583333333 0.3345462962962963 0.006880208333333352 0.012583333333333363