2 0.5700520833333333 0.21388888888888888 0.0140625 0.03888888888888889
2 0.6822916666666666 0.27870370370370373 0.0125 0.05
2 0.6947916666666667 0.325 0.010416666666666666 0.05740740740740741
2 0.8484375 0.37407407407407406 0.019791666666666666 0.06481481481481481
2 0.2786458333333333 0.27824074074074073 0.016666666666666666 0.05277777777777778
2 0.776984375 0.42338888888888887 0.02688541666666661 0.06344444444444443
2 0.48463541666666665 0.2833333333333333 0.009895833333333333 0.05185185185185185
2 0.8091145833333333 0.29953703703703705 0.0171875 0.05648148148148148
2 0.5083333333333333 0.3509259259259259 0.013541666666666667 0.06296296296296296
2 0.51875 0.3541666666666667 0.013541666666666667 0.062037037037037036
2 0.7291666666666666 0.3226851851851852 0.017708333333333333 0.05277777777777778
2 0.84921875 0.412962962962963 0.016145833333333335 0.07407407407407407
2 0.7419270833333333 0.39675925925925926 0.0140625 0.06759259259259259
2 0.75390625 0.4532407407407407 0.022395833333333334 0.06944444444444445
2 0.5518229166666667 0.46111111111111114 0.015104166666666667 0.07222222222222222
2 0.10651041666666666 0.4777777777777778 0.019270833333333334 0.07407407407407407
3 0.6770833333333334 0.3773796296296296 0.013541666666666667 0.06759259259259259
1 0.10364583333333334 0.3282407407407407 0.014583333333333334 0.058333333333333334
2 0.47994791666666664 0.7287037037037037 0.016145833333333335 0.10185185185185185
2 0.86328125 0.4356481481481482 0.018229166666666668 0.07314814814814814
2 0.7770833333333333 0.6074074074074074 0.023958333333333335 0.09074074074074075
3 0.80625 0.21670370370370368 0.01082291666666677 0.04316666666666667
0 0.2950104166666667 0.3003611111111111 0.005885416666666643 0.010953703703703742
2 0.6745208333333333 0.24162037037037035 0.011776041666666733 0.0456111111111111