3 0.7104166666666667 0.28294444444444444 0.00625 0.03611111111111111
2 0.4166666666666667 0.287962962962963 0.008333333333333333 0.03333333333333333
2 0.45729166666666665 0.32592592592592595 0.009375 0.044444444444444446
2 0.5979166666666667 0.34444444444444444 0.007291666666666667 0.037037037037037035
2 0.6411458333333333 0.30648148148148147 0.008333333333333333 0.03518518518518519
2 0.59375 0.38425925925925924 0.009375 0.05
2 0.5049479166666667 0.31203703703703706 0.009895833333333333 0.03518518518518519
2 0.3609375 0.31527777777777777 0.010416666666666666 0.03796296296296296
2 0.45260416666666664 0.3453703703703704 0.0125 0.04259259259259259
2 0.72421875 0.35648148148148145 0.009895833333333333 0.046296296296296294
3 0.48385416666666664 0.36203703703703705 0.009375 0.04259259259259259
2 0.35442708333333334 0.3824074074074074 0.009895833333333333 0.04814814814814815
2 0.45416666666666666 0.4300925925925926 0.010416666666666666 0.05277777777777778
2 0.3234375 0.375 0.011458333333333333 0.05
2 0.29322916666666665 0.49722222222222223 0.010416666666666666 0.06851851851851852
2 0.6106770833333334 0.4583333333333333 0.011979166666666667 0.06111111111111111
2 0.6411458333333333 0.41805555555555557 0.015625 0.05462962962962963
3 0.06978645833333334 0.7596481481481481 0.03853125000000001 0.11003703703703696
2 0.16614583333333333 0.7129629629629629 0.019791666666666666 0.09814814814814815
2 0.24609375 0.5550925925925926 0.013020833333333334 0.0712962962962963
2 0.27109375 0.4375 0.015104166666666667 0.06388888888888888
2 0.81015625 0.41574074074074074 0.0109375 0.05555555555555555
2 0.7729166666666667 0.5939814814814814 0.019791666666666666 0.0824074074074074
0 0.7155833333333333 0.3777407407407407 0.004635416666666714 0.010620370370370396