2 0.37161458333333336 0.3976851851851852 0.0067708333333333336 0.032407407407407406
2 0.5763020833333333 0.4050925925925926 0.013020833333333334 0.03425925925925926
2 0.2747395833333333 0.44675925925925924 0.0078125 0.04537037037037037
3 0.4072395833333333 0.449537037037037 0.0125 0.041666666666666664
2 0.4236979166666667 0.4 0.008854166666666666 0.03148148148148148
1 0.7473958333333334 0.38935185185185184 0.008333333333333333 0.030555555555555555
2 0.6015625 0.4527777777777778 0.013541666666666667 0.040740740740740744
2 0.6590104166666666 0.5204166666666666 0.019484374999999925 0.05010185185185176
2 0.22109375 0.4527777777777778 0.0078125 0.046296296296296294
3 0.7972083333333334 0.5990462962962964 0.02329166666666656 0.06290740740740745
2 0.5453125 0.4546296296296296 0.0125 0.04259259259259259
2 0.48046875 0.5148148148148148 0.009895833333333333 0.05185185185185185
2 0.646875 0.48842592592592593 0.013541666666666667 0.05092592592592592
2 0.334375 0.5009259259259259 0.013541666666666667 0.053703703703703705
2 0.5044270833333333 0.5175925925925926 0.008854166666666666 0.046296296296296294
2 0.6018229166666667 0.5592592592592592 0.011979166666666667 0.05555555555555555
2 0.3546875 0.5115740740740741 0.014583333333333334 0.05092592592592592
2 0.51796875 0.4962962962962963 0.0109375 0.05185185185185185
2 0.3015625 0.6314814814814815 0.014583333333333334 0.06851851851851852
2 0.1515625 0.5879629629629629 0.011458333333333333 0.06111111111111111
2 0.36640625 0.6319444444444444 0.016145833333333335 0.06944444444444445
2 0.5820416666666667 0.44125000000000003 0.012802083333333296 0.0371388888888889
2 0.5953333333333333 0.41165740740740736 0.011567708333333352 0.03543518518518517
3 0.22013541666666667 0.33746296296296296 0.007604166666666678 0.030027777777777733