2 0.6778645833333333 0.38981481481481484 0.013020833333333334 0.040740740740740744
2 0.6020833333333333 0.36712962962962964 0.014583333333333334 0.032407407407407406
2 0.7700833333333333 0.44932407407407404 0.017125000000000057 0.0459351851851852
2 0.7385416666666667 0.43287037037037035 0.011458333333333333 0.05462962962962963
2 0.8036458333333333 0.45092592592592595 0.013541666666666667 0.04259259259259259
2 0.7153645833333333 0.4361111111111111 0.009895833333333333 0.04814814814814815
2 0.6377604166666667 0.4050925925925926 0.0140625 0.04351851851851852
2 0.5432291666666667 0.41435185185185186 0.008333333333333333 0.03981481481481482
2 0.7247395833333333 0.45416666666666666 0.0109375 0.04722222222222222
2 0.5307291666666667 0.45787037037037037 0.0125 0.05092592592592592
2 0.27447916666666666 0.5662037037037037 0.0125 0.06759259259259259
2 0.3455729166666667 0.42685185185185187 0.008854166666666666 0.04814814814814815
2 0.265625 0.5652777777777778 0.010416666666666666 0.06759259259259259
2 0.5966145833333333 0.4736111111111111 0.0140625 0.05462962962962963
2 0.76875 0.5018518518518519 0.009375 0.05555555555555555
2 0.30390625 0.4287037037037037 0.015104166666666667 0.05
2 0.45989583333333334 0.47453703703703703 0.017708333333333333 0.05648148148148148
2 0.41953125 0.5592592592592592 0.013020833333333334 0.07037037037037037
0 0.76028125 0.36495370370370367 0.005822916666666581 0.01169444444444444
1 0.8130885416666668 0.36839814814814814 0.016562500000000095 0.04270370370370371
2 0.7703697916666666 0.43480555555555556 0.01796354166666655 0.03876851851851852
2 0.722609375 0.4104814814814815 0.012005208333333428 0.04298148148148145
2 0.5440468749999999 0.39160185185185187 0.0129635416666666 0.03739814814814814
3 0.22146354166666665 0.3173425925925926 0.007843749999999972 0.03367592592592593